2 0.58359375 0.75859375 0.04765625 0.17890625
0 0.54921875 0.80234375 0.021875 0.0421875
2 0.13515625 0.56484375 0.05390625 0.15625
2 0.31171875 0.403125 0.02890625 0.10703125
2 0.3328125 0.31875 0.03203125 0.09453125
2 0.378125 0.3203125 0.028125 0.06640625
2 0.40234375 0.24375 0.0421875 0.078125
2 0.425 0.30078125 0.028125 0.0765625
2 0.61640625 0.2375 0.0234375 0.07734375
2 0.68359375 0.196875 0.025 0.0765625
2 0.82265625 0.2875 0.03203125 0.0859375
2 0.7109375 0.30546875 0.04296875 0.071875
2 0.5515625 0.40859375 0.0390625 0.0875
2 0.7 0.37578125 0.02265625 0.0859375
2 0.5890625 0.525 0.02421875 0.10859375
2 0.72265625 0.446875 0.03203125 0.10390625
2 0.74921875 0.4375 0.028125 0.09765625
2 0.76953125 0.61640625 0.0484375 0.1296875
3 0.4671875 0.38125 0.05546875 0.11171875
3 0.46640625 0.146875 0.02578125 0.07109375