2 0.8421875 0.78203125 0.02890625 0.10703125
2 0.8828125 0.6515625 0.021875 0.121875
2 0.7921875 0.5234375 0.03359375 0.12109375
2 0.41484375 0.40078125 0.03203125 0.078125
2 0.3453125 0.41015625 0.034375 0.09296875
2 0.25859375 0.45390625 0.0265625 0.10234375
2 0.24921875 0.559375 0.03046875 0.10078125
2 0.43828125 0.48125 0.0296875 0.1046875
0 0.44453125 0.4203125 0.01328125 0.04296875
3 0.4171875 0.29140625 0.03359375 0.08828125
3 0.50234375 0.48671875 0.0203125 0.0890625
2 0.5703125 0.56640625 0.0375 0.1171875
2 0.51328125 0.44453125 0.02890625 0.0859375