1 0.85703125 0.4703125 0.03125 0.09765625
0 0.74296875 0.4546875 0.025 0.04921875
3 0.0453125 0.56640625 0.03671875 0.1453125
2 0.1625 0.4703125 0.0171875 0.09140625
2 0.18359375 0.47734375 0.025 0.0859375
2 0.40078125 0.40390625 0.03203125 0.09609375
2 0.3046875 0.5765625 0.03671875 0.103125
2 0.67421875 0.44765625 0.021875 0.0640625
2 0.646875 0.578125 0.028125 0.10625
2 0.74765625 0.6046875 0.04609375 0.10390625
2 0.31328125 0.6609375 0.0296875 0.10078125
2 0.38125 0.7765625 0.046875 0.1390625