2 0.70234375 0.46796875 0.0234375 0.071875
2 0.678125 0.51328125 0.0296875 0.1109375
2 0.56953125 0.5234375 0.0421875 0.12109375
2 0.53828125 0.640625 0.0421875 0.11015625
2 0.93125 0.6046875 0.03359375 0.14375
2 0.74453125 0.75546875 0.046875 0.16015625
2 0.9484375 0.86484375 0.05 0.159375
2 0.546875 0.8546875 0.046875 0.13828125
2 0.490625 0.8140625 0.05390625 0.1859375
2 0.3078125 0.75859375 0.05390625 0.19921875
1 0.14453125 0.578125 0.0546875 0.14453125
2 0.590625 0.67109375 0.04609375 0.11015625
0 0.58828125 0.69765625 0.0125 0.0421875
3 0.8453125 0.38984375 0.025 0.08828125
3 0.90703125 0.64921875 0.04296875 0.13671875