3 0.534375 0.13203125 0.025 0.0828125
3 0.78046875 0.4734375 0.02890625 0.115625
0 0.33203125 0.46328125 0.028125 0.05078125
2 0.19453125 0.465625 0.04765625 0.14921875
2 0.459375 0.31015625 0.028125 0.0875
2 0.6703125 0.40078125 0.03203125 0.1078125
2 0.703125 0.3390625 0.03359375 0.0875
2 0.96171875 0.2578125 0.0375 0.1125
2 0.94453125 0.4875 0.0390625 0.1171875
2 0.9125 0.65234375 0.04453125 0.14140625
2 0.7390625 0.7546875 0.03515625 0.134375
2 0.6828125 0.79296875 0.04453125 0.15234375
2 0.50078125 0.8375 0.0390625 0.1421875
2 0.49453125 0.6640625 0.015625 0.1515625
2 0.475 0.659375 0.0203125 0.109375
2 0.45390625 0.5046875 0.01953125 0.11015625
2 0.48125 0.4859375 0.0390625 0.1234375
2 0.33359375 0.7421875 0.0359375 0.15078125
2 0.04375 0.56015625 0.02578125 0.14140625
2 0.0125 0.61875 0.025 0.11484375