3 0.565625 0.4953125 0.021875 0.1078125
3 0.24609375 0.3015625 0.0265625 0.0765625
0 0.63671875 0.5828125 0.0203125 0.05703125
2 0.8296875 0.3703125 0.0359375 0.09453125
2 0.91484375 0.37890625 0.028125 0.0765625
2 0.884375 0.509375 0.0453125 0.134375
2 0.815625 0.5171875 0.04609375 0.13046875
2 0.77109375 0.4859375 0.03828125 0.09296875
2 0.703125 0.528125 0.0359375 0.11484375
2 0.653125 0.46484375 0.03671875 0.09375
2 0.57421875 0.44453125 0.034375 0.09140625
2 0.44375 0.51484375 0.034375 0.1015625
2 0.48046875 0.534375 0.034375 0.10859375
2 0.52578125 0.58515625 0.03125 0.0953125
2 0.940625 0.69921875 0.0453125 0.128125
2 0.546875 0.93125 0.046875 0.1375
2 0.1953125 0.61796875 0.03515625 0.12578125
2 0.4109375 0.4421875 0.0328125 0.1140625
2 0.27890625 0.39921875 0.034375 0.084375
2 0.1203125 0.5203125 0.03125 0.10078125
2 0.10546875 0.48984375 0.03828125 0.096875
2 0.059375 0.609375 0.0328125 0.13125