0 0.23359375 0.409375 0.01171875 0.04609375
2 0.2125 0.3703125 0.03359375 0.10625
2 0.21796875 0.44453125 0.03046875 0.11484375
2 0.32578125 0.49375 0.03203125 0.1046875
2 0.38515625 0.4984375 0.03984375 0.1234375
2 0.46171875 0.41875 0.03046875 0.09453125
2 0.52734375 0.28515625 0.02265625 0.06484375
2 0.67109375 0.36484375 0.01953125 0.0890625
2 0.5578125 0.4390625 0.02578125 0.1078125
2 0.72421875 0.47890625 0.03828125 0.128125
2 0.77265625 0.49296875 0.0234375 0.11796875
2 0.75546875 0.54296875 0.02109375 0.103125
2 0.97265625 0.7140625 0.04921875 0.15234375
2 0.6296875 0.58671875 0.0296875 0.11875
2 0.59609375 0.58203125 0.03125 0.09453125
2 0.5234375 0.671875 0.02890625 0.1765625
2 0.5625 0.684375 0.0296875 0.1359375
2 0.20390625 0.8484375 0.0375 0.1375
3 0.5375 0.4875 0.0265625 0.1296875