2 0.60625 0.36171875 0.0390625 0.096875
2 0.66796875 0.41484375 0.0265625 0.08984375
2 0.5765625 0.45546875 0.0234375 0.08359375
0 0.5953125 0.44296875 0.02890625 0.0375
3 0.3625 0.50546875 0.034375 0.1203125
2 0.21171875 0.521875 0.0453125 0.125
2 0.02109375 0.43984375 0.028125 0.11796875
2 0.134375 0.534375 0.0390625 0.1328125
2 0.0234375 0.75703125 0.046875 0.18125
2 0.365625 0.58984375 0.04609375 0.11875
2 0.50703125 0.61171875 0.04375 0.1296875
2 0.55390625 0.5796875 0.0359375 0.1046875
2 0.5671875 0.5125 0.03359375 0.0984375
2 0.68671875 0.54921875 0.0328125 0.11484375
2 0.746875 0.53203125 0.03984375 0.11953125
2 0.8265625 0.69609375 0.06328125 0.20078125
2 0.790625 0.9609375 0.05390625 0.078125