2 0.65234375 0.2484375 0.02578125 0.09140625
2 0.66875 0.4453125 0.02734375 0.10546875
2 0.64375 0.43046875 0.0234375 0.09453125
2 0.4640625 0.33046875 0.0265625 0.11328125
2 0.31640625 0.3984375 0.028125 0.1203125
2 0.2265625 0.29140625 0.0265625 0.08828125
2 0.21171875 0.25078125 0.028125 0.0671875
2 0.63203125 0.5546875 0.0375 0.14296875
2 0.66015625 0.82265625 0.05 0.1625
2 0.34609375 0.5109375 0.0328125 0.08828125
2 0.046875 0.48828125 0.025 0.11328125
2 0.0703125 0.5921875 0.05078125 0.1359375
3 0.1015625 0.4375 0.03671875 0.12734375
0 0.73828125 0.69375 0.02265625 0.059375