3 0.1046875 0.54375 0.03984375 0.1234375
3 0.1578125 0.2984375 0.02734375 0.06875
2 0.2671875 0.3125 0.02734375 0.0765625
2 0.76875 0.36953125 0.02109375 0.07109375
2 0.94765625 0.46953125 0.034375 0.10390625
2 0.94296875 0.68359375 0.0328125 0.13046875
2 0.7125 0.6625 0.04296875 0.11875
2 0.61015625 0.478125 0.03671875 0.090625
2 0.5890625 0.375 0.021875 0.07265625
2 0.5015625 0.4421875 0.0296875 0.0859375
2 0.5359375 0.459375 0.025 0.08828125
2 0.5515625 0.59375 0.034375 0.1015625
2 0.3859375 0.59765625 0.03984375 0.10546875
2 0.24765625 0.5046875 0.0421875 0.10078125
2 0.1375 0.375 0.03515625 0.08125
2 0.01953125 0.6015625 0.0390625 0.11015625