0 0.19609375 0.65234375 0.01875 0.0453125
3 0.484375 0.20703125 0.02109375 0.065625
3 0.93828125 0.4828125 0.04453125 0.1296875
2 0.23984375 0.39765625 0.03125 0.12421875
2 0.4515625 0.2890625 0.028125 0.078125
2 0.29765625 0.5046875 0.0421875 0.13671875
2 0.18125 0.60390625 0.03203125 0.14296875
2 0.48515625 0.55 0.034375 0.1328125
2 0.65859375 0.353125 0.0296875 0.11015625
2 0.62421875 0.5390625 0.04921875 0.1265625
2 0.60078125 0.7140625 0.0328125 0.128125
2 0.86953125 0.63671875 0.0375 0.121875
2 0.8390625 0.478125 0.04609375 0.1328125
2 0.9 0.39375 0.03125 0.1015625
2 0.98203125 0.61328125 0.0359375 0.1484375
2 0.88359375 0.765625 0.04375 0.1578125