3 0.30703125 0.36484375 0.01953125 0.1234375
2 0.3390625 0.371875 0.021875 0.09140625
2 0.31953125 0.36875 0.02421875 0.096875
2 0.459375 0.415625 0.0296875 0.10703125
2 0.53359375 0.36875 0.0171875 0.10078125
2 0.5421875 0.3984375 0.03515625 0.0984375
0 0.51875 0.41015625 0.01640625 0.03515625
2 0.009375 0.56796875 0.01796875 0.1640625
2 0.16015625 0.55390625 0.0328125 0.12890625
2 0.44140625 0.50546875 0.0328125 0.1234375
2 0.46953125 0.43046875 0.04296875 0.134375
2 0.67734375 0.459375 0.03046875 0.10625
2 0.846875 0.45234375 0.028125 0.11171875
2 0.8125 0.4671875 0.0390625 0.11171875
2 0.76484375 0.6140625 0.03828125 0.13984375
2 0.71796875 0.71953125 0.05625 0.171875
3 0.921875 0.5234375 0.05234375 0.13984375