3 0.5671875 0.159375 0.0265625 0.0765625
3 0.8390625 0.478125 0.0375 0.1359375
0 0.18515625 0.43125 0.02265625 0.03515625
2 0.2875 0.50234375 0.03515625 0.10859375
2 0.4359375 0.35859375 0.03984375 0.10859375
2 0.534375 0.28125 0.03046875 0.090625
2 0.6953125 0.2359375 0.034375 0.09296875
2 0.596875 0.3375 0.03125 0.08046875
2 0.57421875 0.41875 0.03671875 0.1234375
2 0.54609375 0.51171875 0.02421875 0.1328125
2 0.72421875 0.4125 0.0359375 0.12421875
2 0.93046875 0.40390625 0.0375 0.10859375
2 0.95703125 0.51015625 0.03984375 0.1296875
2 0.759375 0.47734375 0.0328125 0.125
2 0.796875 0.50625 0.0296875 0.109375
2 0.58203125 0.646875 0.021875 0.08671875
2 0.58984375 0.70234375 0.0578125 0.1203125