0 0.3609375 0.44375 0.0140625 0.01953125
2 0.32265625 0.39140625 0.03125 0.07578125
2 0.05 0.61484375 0.0515625 0.14140625
2 0.05 0.7484375 0.053125 0.15390625
2 0.20234375 0.86484375 0.05546875 0.15703125
2 0.46171875 0.59453125 0.04375 0.1265625
2 0.3734375 0.46875 0.0359375 0.1
2 0.3328125 0.4578125 0.02734375 0.08515625
2 0.63515625 0.45234375 0.03359375 0.10625
2 0.58046875 0.43359375 0.0328125 0.10703125
2 0.5453125 0.33984375 0.025 0.0765625
2 0.70078125 0.36484375 0.03203125 0.09609375
2 0.97421875 0.5265625 0.02890625 0.11875
2 0.65546875 0.54921875 0.05234375 0.11875
2 0.45859375 0.6078125 0.04765625 0.134375
2 0.63515625 0.79140625 0.05390625 0.18515625
2 0.99296875 0.496875 0.01328125 0.10078125
3 0.76484375 0.53984375 0.040625 0.12109375