1 0.9109375 0.5390625 0.0484375 0.134375
0 0.4328125 0.39375 0.0140625 0.0296875
2 0.19453125 0.40546875 0.03046875 0.09921875
2 0.3953125 0.39453125 0.028125 0.103125
2 0.2453125 0.5078125 0.03671875 0.11640625
2 0.1234375 0.50078125 0.0421875 0.1359375
2 0.29296875 0.63984375 0.0328125 0.11328125
2 0.31796875 0.646875 0.01640625 0.11015625
2 0.51171875 0.62265625 0.0265625 0.14140625
2 0.671875 0.52109375 0.0375 0.1328125
2 0.653125 0.6484375 0.04140625 0.159375
2 0.80625 0.696875 0.06640625 0.16484375
2 0.9125 0.7234375 0.05703125 0.1640625
3 0.3359375 0.61796875 0.02578125 0.13515625