3 0.171875 0.57421875 0.03515625 0.134375
1 0.55 0.41640625 0.03515625 0.1078125
3 0.80703125 0.7734375 0.02265625 0.04765625
2 0.809375 0.62109375 0.02109375 0.1015625
2 0.77734375 0.66796875 0.0359375 0.08125
2 0.81015625 0.70390625 0.02734375 0.1
2 0.440625 0.44140625 0.0265625 0.1
2 0.38359375 0.4375 0.05234375 0.12734375
2 0.3375 0.45390625 0.02421875 0.075
2 0.31796875 0.41171875 0.02109375 0.05390625
2 0.28125 0.475 0.01015625 0.08203125
2 0.25625 0.48984375 0.03046875 0.09140625
2 0.38828125 0.59140625 0.034375 0.13359375
2 0.22421875 0.740625 0.0453125 0.159375