3 0.890625 0.7828125 0.040625 0.16640625
3 0.1171875 0.55234375 0.03359375 0.1203125
1 0.77109375 0.35390625 0.02578125 0.1078125
2 0.4640625 0.453125 0.0265625 0.10703125
2 0.25390625 0.35546875 0.0234375 0.08984375
2 0.1859375 0.3921875 0.03125 0.1078125
2 0.059375 0.41328125 0.02421875 0.08671875
2 0.07578125 0.52578125 0.028125 0.11015625
2 0.1171875 0.71015625 0.034375 0.11796875
2 0.32734375 0.74296875 0.04296875 0.134375
2 0.43359375 0.6109375 0.03125 0.121875
2 0.6265625 0.54375 0.03828125 0.15078125
2 0.6515625 0.67578125 0.04453125 0.1265625
2 0.7078125 0.73984375 0.0421875 0.13671875
2 0.81484375 0.7390625 0.06015625 0.1390625
2 0.57734375 0.74609375 0.0296875 0.14375
2 0.54296875 0.75703125 0.04609375 0.13046875
2 0.77578125 0.8484375 0.09375 0.09296875
0 0.78203125 0.875 0.02421875 0.04296875