1 0.08984375 0.34296875 0.04140625 0.1125
0 0.25703125 0.396875 0.01640625 0.04140625
2 0.50625 0.43359375 0.03359375 0.115625
2 0.69765625 0.353125 0.0375 0.10078125
2 0.2796875 0.49296875 0.04453125 0.11796875
2 0.2359375 0.50390625 0.03125 0.103125
2 0.20546875 0.5453125 0.0359375 0.10859375
2 0.5671875 0.56796875 0.05078125 0.1359375
2 0.66953125 0.41484375 0.03203125 0.10234375
2 0.9296875 0.37421875 0.04140625 0.10703125
2 0.82265625 0.50078125 0.04296875 0.1328125
3 0.7734375 0.1953125 0.0296875 0.07109375
3 0.76875 0.55078125 0.03984375 0.13359375
2 0.90234375 0.834375 0.0484375 0.14453125
2 0.92734375 0.59140625 0.04375 0.12734375
2 0.99140625 0.64921875 0.0171875 0.1140625