3 0.19453125 0.50234375 0.04609375 0.14609375
0 0.81328125 0.7421875 0.025 0.05078125
2 0.8109375 0.68828125 0.03828125 0.15234375
2 0.40703125 0.7890625 0.046875 0.15390625
2 0.5078125 0.6828125 0.02265625 0.11796875
2 0.5375 0.57734375 0.034375 0.128125
2 0.67734375 0.54375 0.03828125 0.11640625
2 0.77421875 0.63515625 0.0359375 0.13125
2 0.64140625 0.47578125 0.04296875 0.12890625
2 0.3 0.4734375 0.034375 0.115625
2 0.125 0.3515625 0.03125 0.09765625
2 0.046875 0.340625 0.034375 0.11796875
2 0.159375 0.22578125 0.03359375 0.0765625
2 0.31015625 0.303125 0.0296875 0.1015625
2 0.34765625 0.34296875 0.0375 0.10625
2 0.42265625 0.34296875 0.04375 0.13046875
1 0.71015625 0.2671875 0.0359375 0.09375