3 0.93359375 0.51171875 0.04296875 0.13515625
2 0.95703125 0.409375 0.0328125 0.109375
2 0.990625 0.4046875 0.01875 0.10078125
2 0.73203125 0.40703125 0.034375 0.08984375
2 0.69453125 0.4265625 0.03515625 0.09609375
2 0.65859375 0.446875 0.028125 0.11640625
2 0.6265625 0.51640625 0.03984375 0.12109375
2 0.5765625 0.39375 0.03203125 0.09296875
2 0.45546875 0.37890625 0.03515625 0.109375
2 0.42265625 0.36484375 0.02578125 0.09296875
0 0.3984375 0.40078125 0.01171875 0.0421875
2 0.26640625 0.40078125 0.0296875 0.0875
2 0.1078125 0.37421875 0.021875 0.1140625
2 0.35390625 0.53671875 0.02890625 0.11640625
2 0.4671875 0.51640625 0.0484375 0.12109375
2 0.42890625 0.79375 0.07109375 0.19375
3 0.1890625 0.3390625 0.046875 0.1203125