3 0.54140625 0.4703125 0.03203125 0.10859375
0 0.465625 0.39609375 0.021875 0.05078125
2 0.0984375 0.3484375 0.03671875 0.1234375
2 0.16640625 0.4203125 0.03515625 0.128125
2 0.12734375 0.53359375 0.04140625 0.115625
2 0.22421875 0.5015625 0.040625 0.1828125
2 0.334375 0.38125 0.0375 0.1171875
2 0.49296875 0.425 0.0375 0.09765625
2 0.4625 0.5953125 0.0390625 0.1296875
2 0.5515625 0.55859375 0.02421875 0.10390625
2 0.4140625 0.6625 0.05234375 0.1640625
2 0.5421875 0.7171875 0.0703125 0.1796875
2 0.9046875 0.509375 0.03984375 0.134375
2 0.771875 0.434375 0.040625 0.1140625
2 0.7171875 0.465625 0.0390625 0.125
2 0.69140625 0.36796875 0.0421875 0.128125
2 0.61953125 0.32421875 0.03984375 0.10078125