2 0.28359375 0.38828125 0.03828125 0.125
2 0.1765625 0.503125 0.03359375 0.14296875
2 0.1328125 0.33046875 0.0359375 0.13125
2 0.47265625 0.61875 0.0546875 0.13125
2 0.50859375 0.540625 0.04140625 0.1390625
2 0.55703125 0.45859375 0.0359375 0.1046875
2 0.52734375 0.36953125 0.03984375 0.10234375
2 0.5203125 0.28828125 0.03671875 0.10390625
2 0.4890625 0.28515625 0.0296875 0.10390625
2 0.5890625 0.3640625 0.03984375 0.121875
2 0.6921875 0.44921875 0.0609375 0.15390625
2 0.7609375 0.5859375 0.053125 0.1421875
2 0.85 0.78671875 0.0453125 0.16171875
2 0.55859375 0.703125 0.05625 0.159375
0 0.5921875 0.7484375 0.0203125 0.04765625
3 0.225 0.4 0.03046875 0.11640625