2 0.2734375 0.5296875 0.0234375 0.10546875
2 0.13828125 0.2875 0.0328125 0.0859375
2 0.21328125 0.30625 0.03203125 0.103125
2 0.04609375 0.40859375 0.04453125 0.10546875
2 0.01171875 0.34140625 0.0234375 0.109375
2 0.3078125 0.43671875 0.04296875 0.10625
2 0.38515625 0.35390625 0.03046875 0.1203125
0 0.29296875 0.56875 0.0265625 0.04609375
2 0.43671875 0.57578125 0.04765625 0.1109375
2 0.5375 0.503125 0.04453125 0.13203125
2 0.61796875 0.409375 0.02734375 0.1015625
2 0.66484375 0.29609375 0.04453125 0.10546875
2 0.7515625 0.615625 0.04921875 0.12265625
2 0.47734375 0.85703125 0.06640625 0.18125
2 0.89921875 0.4859375 0.03125 0.11796875
2 0.95859375 0.4484375 0.0390625 0.1109375
2 0.93359375 0.2953125 0.040625 0.078125
2 0.9 0.23203125 0.02578125 0.06796875
3 0.653125 0.41796875 0.03359375 0.0984375
3 0.25078125 0.14140625 0.0375 0.08828125