3 0.46328125 0.40390625 0.0296875 0.12109375
2 0.5625 0.2109375 0.03359375 0.084375
2 0.3453125 0.29453125 0.0234375 0.10390625
2 0.53125 0.2625 0.02265625 0.0734375
2 0.6828125 0.25390625 0.02734375 0.07421875
2 0.56953125 0.34921875 0.040625 0.09609375
2 0.51015625 0.3359375 0.028125 0.090625
2 0.39140625 0.440625 0.03984375 0.1234375
2 0.39921875 0.65 0.0359375 0.165625
2 0.24453125 0.76953125 0.03203125 0.13828125
2 0.0984375 0.69609375 0.025 0.16328125
2 0.67734375 0.44296875 0.04296875 0.103125
2 0.69140625 0.6515625 0.0578125 0.1796875
2 0.86171875 0.51171875 0.040625 0.10859375
2 0.89140625 0.465625 0.0390625 0.12421875
2 0.91171875 0.38671875 0.02890625 0.0890625
2 0.89140625 0.346875 0.01953125 0.07734375
2 0.953125 0.3203125 0.03203125 0.09375
2 0.98125 0.303125 0.021875 0.1078125