3 0.74453125 0.2921875 0.0375 0.08984375
3 0.46953125 0.67421875 0.05 0.13203125
0 0.29921875 0.53515625 0.01953125 0.05
1 0.20625 0.47265625 0.0421875 0.1015625
2 0.17578125 0.5625 0.0234375 0.128125
2 0.2703125 0.5203125 0.0390625 0.10078125
2 0.38671875 0.546875 0.0328125 0.09609375
2 0.36875 0.57578125 0.03046875 0.125
2 0.4703125 0.56328125 0.0375 0.1078125
2 0.52578125 0.4890625 0.0421875 0.1171875
2 0.65703125 0.4546875 0.040625 0.11953125
2 0.30078125 0.7875 0.0375 0.20625
2 0.53515625 0.57734375 0.046875 0.125
2 0.59921875 0.58828125 0.0484375 0.134375
2 0.80390625 0.553125 0.0328125 0.15
2 0.8484375 0.5421875 0.0421875 0.15