0 0.1953125 0.61484375 0.01171875 0.05078125
2 0.14453125 0.54765625 0.0359375 0.128125
1 0.12890625 0.35078125 0.028125 0.078125
2 0.2453125 0.534375 0.03125 0.08984375
2 0.21015625 0.575 0.025 0.09296875
2 0.29609375 0.5671875 0.02421875 0.11484375
2 0.34375 0.61953125 0.03203125 0.13125
2 0.38203125 0.4984375 0.0265625 0.10390625
2 0.4328125 0.415625 0.03046875 0.084375
2 0.45625 0.4984375 0.034375 0.08359375
2 0.4828125 0.48125 0.03984375 0.0921875
2 0.5625 0.4625 0.01796875 0.11640625
2 0.64609375 0.39453125 0.0375 0.090625
2 0.69375 0.440625 0.03359375 0.10703125
3 0.5625 0.5328125 0.0453125 0.09765625
3 0.71640625 0.23125 0.02734375 0.07421875
2 0.72734375 0.5734375 0.040625 0.121875
2 0.39765625 0.81953125 0.04921875 0.14140625
2 0.6640625 0.69765625 0.06015625 0.15546875
2 0.9640625 0.54140625 0.034375 0.1265625
2 0.96015625 0.8578125 0.0375 0.16484375