0 0.53359375 0.4828125 0.02265625 0.06640625
2 0.4078125 0.57578125 0.0375 0.09609375
2 0.275 0.59140625 0.04140625 0.1125
2 0.1015625 0.475 0.0375 0.12734375
2 0.3625 0.3921875 0.0234375 0.11640625
2 0.4140625 0.39921875 0.04921875 0.1203125
2 0.28984375 0.29375 0.03828125 0.11640625
2 0.3609375 0.2609375 0.0296875 0.115625
2 0.78671875 0.34453125 0.04609375 0.128125
2 0.69375 0.5703125 0.04765625 0.14296875
2 0.85078125 0.58125 0.0515625 0.153125
2 0.4375 0.70625 0.05703125 0.15859375
2 0.309375 0.78515625 0.0453125 0.14609375