2 0.4625 0.346875 0.0171875 0.06875
2 0.33671875 0.403125 0.0234375 0.08515625
2 0.19140625 0.54140625 0.05 0.09765625
2 0.02421875 0.575 0.03984375 0.11796875
2 0.2328125 0.66328125 0.0390625 0.15703125
2 0.16015625 0.70390625 0.03828125 0.1203125
2 0.50234375 0.4640625 0.0125 0.0734375
2 0.534375 0.47265625 0.0203125 0.071875
2 0.5953125 0.38984375 0.0265625 0.0796875
2 0.459375 0.33515625 0.028125 0.0640625
2 0.8953125 0.30078125 0.0359375 0.0875
2 0.60703125 0.51484375 0.0171875 0.07265625
2 0.609375 0.56015625 0.03359375 0.0859375
2 0.9109375 0.6953125 0.02265625 0.11640625
2 0.94140625 0.66640625 0.03359375 0.11640625
2 0.94765625 0.9390625 0.0296875 0.09296875
3 0.85234375 0.5390625 0.05 0.14453125
0 0.4890625 0.48515625 0.01875 0.04609375
3 0.37734375 0.2359375 0.03125 0.07421875