2 0.3703125 0.4109375 0.025 0.0890625
2 0.13984375 0.46171875 0.02890625 0.1203125
3 0.16796875 0.54609375 0.040625 0.1390625
3 0.2640625 0.2203125 0.0359375 0.09921875
2 0.50625 0.4046875 0.0203125 0.10078125
2 0.4984375 0.46953125 0.03203125 0.0859375
2 0.55390625 0.43828125 0.0265625 0.084375
2 0.59140625 0.4984375 0.03046875 0.1078125
2 0.6640625 0.44140625 0.03828125 0.1
2 0.75625 0.44296875 0.034375 0.08828125
2 0.85703125 0.37734375 0.02734375 0.10078125
2 0.9328125 0.4671875 0.02734375 0.10625
2 0.9453125 0.53203125 0.02578125 0.1
2 0.525 0.5703125 0.04453125 0.1359375
2 0.23125 0.7921875 0.0390625 0.19296875
2 0.61640625 0.56875 0.040625 0.121875
2 0.67265625 0.55 0.02890625 0.11640625
2 0.66796875 0.64296875 0.03125 0.1359375