1 0.859375 0.50390625 0.04921875 0.1296875
0 0.49296875 0.56640625 0.01875 0.0375
2 0.75234375 0.5453125 0.04296875 0.1109375
2 0.51640625 0.48359375 0.01484375 0.07109375
2 0.46015625 0.52109375 0.028125 0.12890625
2 0.51015625 0.51953125 0.02890625 0.06484375
2 0.5171875 0.5578125 0.0296875 0.07578125
2 0.58515625 0.52265625 0.03984375 0.09296875
2 0.6140625 0.55234375 0.040625 0.0875
2 0.5828125 0.56875 0.01484375 0.10703125
2 0.54375 0.58515625 0.03671875 0.125
2 0.5421875 0.778125 0.04609375 0.1171875
2 0.4484375 0.671875 0.0484375 0.11875
2 0.27109375 0.61640625 0.0453125 0.1015625
2 0.284375 0.534375 0.0375 0.08671875
2 0.2640625 0.5 0.021875 0.0890625
3 0.378125 0.6109375 0.04296875 0.1515625