0 0.7796875 0.53671875 0.02578125 0.04609375
2 0.46171875 0.596875 0.04453125 0.13125
2 0.1359375 0.534375 0.02578125 0.11171875
2 0.171875 0.5046875 0.03125 0.14375
2 0.10546875 0.41796875 0.03359375 0.14140625
2 0.178125 0.3046875 0.01953125 0.0921875
2 0.128125 0.3328125 0.025 0.11484375
2 0.05859375 0.73828125 0.03828125 0.1984375
2 0.4875 0.4796875 0.0375 0.13203125
2 0.45234375 0.29140625 0.0265625 0.11328125
2 0.58515625 0.38671875 0.046875 0.134375
2 0.640625 0.37890625 0.03046875 0.1
2 0.7203125 0.2953125 0.034375 0.1109375
2 0.64296875 0.32578125 0.02421875 0.09609375
2 0.8515625 0.3796875 0.03671875 0.12890625
2 0.746875 0.475 0.03515625 0.13359375
2 0.80390625 0.49609375 0.03359375 0.11484375
2 0.9265625 0.61328125 0.04765625 0.22109375
3 0.38359375 0.49296875 0.040625 0.1578125
3 0.0828125 0.2515625 0.03359375 0.0890625