2 0.55 0.68984375 0.04921875 0.11953125
2 0.46484375 0.84375 0.0515625 0.14453125
2 0.54765625 0.90625 0.05 0.15625
2 0.69375 0.66171875 0.0453125 0.1390625
2 0.66953125 0.5703125 0.03125 0.08515625
2 0.7453125 0.55703125 0.03671875 0.15
2 0.79453125 0.559375 0.0375 0.13125
2 0.95546875 0.64609375 0.0515625 0.12421875
2 0.634375 0.28515625 0.02734375 0.0953125
2 0.55546875 0.34296875 0.04375 0.10625
2 0.5328125 0.415625 0.0265625 0.084375
2 0.43359375 0.521875 0.0484375 0.11484375
2 0.26484375 0.66484375 0.0421875 0.1203125
2 0.21796875 0.61015625 0.040625 0.15078125
2 0.31796875 0.44453125 0.02890625 0.11875
2 0.353125 0.4 0.02421875 0.09609375
2 0.38203125 0.3796875 0.0359375 0.1359375
2 0.0515625 0.74765625 0.065625 0.178125
0 0.6671875 0.8296875 0.02734375 0.06328125
3 0.40234375 0.4875 0.04375 0.1265625
3 0.490625 0.215625 0.03125 0.07265625