2 0.66640625 0.346875 0.0421875 0.11328125
2 0.62265625 0.49609375 0.01484375 0.0578125
2 0.61875 0.525 0.0234375 0.11328125
2 0.56953125 0.5 0.028125 0.12578125
0 0.59296875 0.515625 0.0234375 0.04921875
2 0.32421875 0.4734375 0.05859375 0.11484375
2 0.10625 0.38828125 0.046875 0.125
2 0.0359375 0.403125 0.034375 0.1328125
2 0.09921875 0.5390625 0.065625 0.15703125
2 0.20078125 0.5765625 0.053125 0.1359375
3 0.303125 0.534375 0.02578125 0.16796875
2 0.54140625 0.71640625 0.0671875 0.1421875
2 0.66875 0.5765625 0.046875 0.11171875
2 0.94765625 0.42421875 0.05546875 0.1375
2 0.98125 0.5484375 0.0375 0.146875
2 0.81640625 0.8203125 0.07109375 0.18203125