0 0.59140625 0.8015625 0.01875 0.04765625
1 0.709375 0.3671875 0.0328125 0.09375
3 0.09296875 0.43984375 0.02890625 0.09453125
2 0.07109375 0.42890625 0.02890625 0.09453125
2 0.02890625 0.33515625 0.021875 0.09453125
2 0.21015625 0.4671875 0.03125 0.12734375
2 0.2890625 0.36171875 0.034375 0.1171875
2 0.3546875 0.4140625 0.04140625 0.13359375
2 0.42265625 0.403125 0.021875 0.08515625
2 0.51328125 0.44140625 0.03125 0.115625
2 0.4078125 0.45 0.0296875 0.0828125
2 0.3859375 0.60390625 0.03203125 0.13671875
2 0.26328125 0.546875 0.05078125 0.12265625
2 0.35078125 0.65390625 0.0203125 0.15703125
2 0.57265625 0.76328125 0.0421875 0.15078125
2 0.6078125 0.646875 0.040625 0.1375