0 0.42578125 0.1375 0.0234375 0.03515625
3 0.2515625 0.265625 0.0359375 0.09453125
3 0.7703125 0.50078125 0.03125 0.10546875
2 0.38671875 0.37109375 0.034375 0.09296875
2 0.1171875 0.48203125 0.04765625 0.11875
2 0.28671875 0.59140625 0.040625 0.125
2 0.3125 0.5703125 0.03359375 0.115625
2 0.57109375 0.36484375 0.02890625 0.0984375
2 0.52578125 0.57265625 0.0296875 0.11015625
2 0.553125 0.5390625 0.0265625 0.1359375
2 0.24609375 0.75390625 0.03515625 0.13359375
2 0.2078125 0.7296875 0.028125 0.1609375
2 0.7328125 0.47578125 0.0234375 0.0734375
2 0.9890625 0.35703125 0.0140625 0.075
2 0.925 0.60078125 0.0265625 0.1421875
2 0.9609375 0.6296875 0.034375 0.14296875