0 0.36015625 0.41875 0.02109375 0.03046875
3 0.40625 0.5984375 0.02734375 0.15
2 0.10703125 0.521875 0.0515625 0.11796875
2 0.23203125 0.6265625 0.0484375 0.13515625
2 0.05625 0.64140625 0.05078125 0.10390625
2 0.35234375 0.39609375 0.03359375 0.12734375
2 0.3734375 0.39453125 0.01875 0.103125
2 0.43828125 0.40625 0.03671875 0.0984375
2 0.525 0.4140625 0.03203125 0.0984375
2 0.42734375 0.4875 0.0296875 0.090625
2 0.01875 0.815625 0.0375 0.1640625
2 0.2546875 0.8265625 0.06328125 0.1859375
2 0.584375 0.7890625 0.090625 0.16484375
2 0.62109375 0.6328125 0.04765625 0.1390625
2 0.95859375 0.4734375 0.03046875 0.13125
2 0.81953125 0.475 0.04453125 0.11875
2 0.775 0.52890625 0.03515625 0.11640625
2 0.84140625 0.59453125 0.059375 0.12421875
3 0.2828125 0.35625 0.03828125 0.125