3 0.571875 0.13125 0.02265625 0.07109375
3 0.47421875 0.48125 0.04140625 0.13515625
0 0.16484375 0.89921875 0.03046875 0.05390625
2 0.36640625 0.84921875 0.05859375 0.06328125
2 0.40703125 0.80390625 0.034375 0.14296875
2 0.14609375 0.6140625 0.04296875 0.16484375
2 0.22109375 0.44375 0.053125 0.128125
2 0.32578125 0.34140625 0.0328125 0.11796875
2 0.3859375 0.3203125 0.02890625 0.1
2 0.446875 0.2953125 0.03515625 0.09296875
2 0.428125 0.56796875 0.0234375 0.12578125
2 0.47890625 0.5578125 0.03203125 0.1265625
2 0.65859375 0.5828125 0.0296875 0.1453125
2 0.73515625 0.62421875 0.06328125 0.1375
2 0.5453125 0.80078125 0.03203125 0.16328125
2 0.6765625 0.3765625 0.03984375 0.10625
2 0.6625 0.315625 0.02265625 0.096875
2 0.828125 0.30546875 0.0421875 0.1015625
2 0.990625 0.4421875 0.01875 0.14140625