2 0.434375 0.40859375 0.028125 0.1109375
2 0.36875 0.4265625 0.025 0.09921875
2 0.2328125 0.41328125 0.0421875 0.11484375
2 0.315625 0.4734375 0.03984375 0.10078125
2 0.34921875 0.57890625 0.034375 0.128125
2 0.41640625 0.50859375 0.03671875 0.12109375
2 0.45546875 0.60546875 0.04375 0.15078125
2 0.17890625 0.7640625 0.03203125 0.16171875
2 0.48515625 0.41484375 0.02890625 0.08984375
2 0.5453125 0.43046875 0.03203125 0.09140625
2 0.56796875 0.43359375 0.02734375 0.09765625
2 0.7875 0.53671875 0.028125 0.121875
2 0.8265625 0.50703125 0.0359375 0.1109375
2 0.86015625 0.5609375 0.04296875 0.146875
2 0.9421875 0.61640625 0.05703125 0.1296875
2 0.92109375 0.728125 0.04921875 0.16015625
0 0.5203125 0.390625 0.0171875 0.034375
3 0.49609375 0.50625 0.0375 0.13671875