2 0.3578125 0.58671875 0.02734375 0.11328125
2 0.33671875 0.59765625 0.01875 0.1
2 0.35078125 0.49453125 0.0359375 0.1
2 0.390625 0.28984375 0.03203125 0.0921875
2 0.22578125 0.31640625 0.03828125 0.09296875
2 0.1859375 0.3625 0.0359375 0.10078125
2 0.10390625 0.44765625 0.03828125 0.125
2 0.6671875 0.26484375 0.03125 0.078125
2 0.896875 0.2671875 0.03125 0.0703125
2 0.93046875 0.4546875 0.0296875 0.10703125
2 0.67734375 0.3640625 0.0140625 0.08203125
2 0.6234375 0.48125 0.01796875 0.078125
2 0.66953125 0.4859375 0.01484375 0.09609375
2 0.65234375 0.52578125 0.0265625 0.09765625
2 0.70546875 0.6015625 0.0421875 0.128125
2 0.76015625 0.790625 0.03828125 0.1375
2 0.60390625 0.721875 0.04921875 0.1421875
0 0.396875 0.553125 0.021875 0.05546875
3 0.21171875 0.16953125 0.01796875 0.065625
3 0.57734375 0.403125 0.0390625 0.115625