3 0.3421875 0.34375 0.02734375 0.08125
3 0.284375 0.5328125 0.03984375 0.1265625
0 0.796875 0.4375 0.01171875 0.0234375
2 0.8015625 0.39296875 0.028125 0.0734375
2 0.6578125 0.40078125 0.04296875 0.10234375
2 0.5953125 0.459375 0.03828125 0.11015625
2 0.48359375 0.4609375 0.0546875 0.13125
2 0.434375 0.3703125 0.03515625 0.10234375
2 0.378125 0.4140625 0.03828125 0.0984375
2 0.30546875 0.42890625 0.05546875 0.11015625
2 0.67421875 0.51328125 0.034375 0.1
2 0.778125 0.46796875 0.0328125 0.1078125
2 0.61875 0.61953125 0.05 0.16171875
2 0.8796875 0.7234375 0.0546875 0.175
2 0.290625 0.62578125 0.053125 0.14375
2 0.20703125 0.54765625 0.046875 0.13046875
2 0.0359375 0.57734375 0.0375 0.140625
2 0.0921875 0.67109375 0.04140625 0.140625
2 0.16875 0.8859375 0.06171875 0.171875