2 0.7359375 0.30234375 0.034375 0.1
0 0.70078125 0.32734375 0.0203125 0.03671875
2 0.30703125 0.29296875 0.0234375 0.10625
2 0.2765625 0.321875 0.03046875 0.08515625
2 0.50390625 0.35 0.03828125 0.09453125
2 0.640625 0.38515625 0.0234375 0.09140625
2 0.709375 0.43671875 0.0390625 0.08125
2 0.67265625 0.3390625 0.03125 0.0875
2 0.46953125 0.48671875 0.02734375 0.10703125
2 0.284375 0.39921875 0.0265625 0.075
2 0.1171875 0.22421875 0.0296875 0.08828125
2 0.07734375 0.30703125 0.05078125 0.09921875
2 0.22734375 0.48203125 0.0296875 0.10390625
2 0.296875 0.59609375 0.040625 0.10625
2 0.84140625 0.82421875 0.03671875 0.165625
3 0.27578125 0.45625 0.0359375 0.11015625