2 0.63515625 0.37421875 0.02421875 0.09921875
2 0.63046875 0.44453125 0.03359375 0.115625
2 0.69453125 0.45625 0.0234375 0.14609375
2 0.56640625 0.540625 0.034375 0.1375
2 0.42890625 0.4578125 0.046875 0.13125
2 0.08515625 0.42734375 0.0546875 0.115625
2 0.09921875 0.5828125 0.0390625 0.1203125
2 0.15859375 0.86875 0.0578125 0.1796875
2 0.78671875 0.6515625 0.04375 0.12890625
2 0.8125 0.44765625 0.0265625 0.103125
2 0.88359375 0.4625 0.034375 0.1015625
2 0.9109375 0.47578125 0.0375 0.153125
2 0.8765625 0.5046875 0.03046875 0.11875
2 0.98203125 0.5859375 0.0359375 0.16640625
0 0.54765625 0.4296875 0.02421875 0.05390625