3 0.8375 0.459375 0.03203125 0.12578125
3 0.2203125 0.18203125 0.0375 0.10390625
0 0.24140625 0.646875 0.02890625 0.06484375
2 0.20390625 0.60859375 0.05078125 0.16640625
2 0.059375 0.39921875 0.05390625 0.1421875
2 0.25703125 0.36953125 0.05078125 0.15078125
2 0.40234375 0.2921875 0.03984375 0.1296875
2 0.35546875 0.47109375 0.059375 0.09921875
2 0.42890625 0.525 0.04765625 0.1390625
2 0.625 0.3453125 0.04296875 0.128125
2 0.77734375 0.3640625 0.03984375 0.109375
2 0.8546875 0.43515625 0.0296875 0.115625
2 0.80625 0.22265625 0.0328125 0.1015625
2 0.96875 0.31328125 0.04140625 0.1234375
2 0.73125 0.49453125 0.03203125 0.125
2 0.73203125 0.5890625 0.04453125 0.159375
2 0.62578125 0.70546875 0.0515625 0.1515625
2 0.615625 0.8421875 0.0484375 0.18984375