3 0.278125 0.46953125 0.0484375 0.1234375
3 0.05234375 0.31640625 0.0328125 0.10546875
2 0.43203125 0.3265625 0.0296875 0.09296875
2 0.21875 0.34921875 0.03359375 0.1125
2 0.2546875 0.340625 0.028125 0.0890625
2 0.25234375 0.40078125 0.0328125 0.121875
2 0.115625 0.434375 0.04609375 0.1171875
2 0.0140625 0.41640625 0.02734375 0.10546875
2 0.0921875 0.68203125 0.05234375 0.12734375
2 0.2578125 0.6890625 0.02578125 0.146875
2 0.52421875 0.39140625 0.03828125 0.13359375
2 0.47578125 0.328125 0.03359375 0.08828125
2 0.60078125 0.40625 0.03671875 0.0984375
2 0.64921875 0.3171875 0.0203125 0.08203125
2 0.70703125 0.3265625 0.0328125 0.084375
2 0.83515625 0.38359375 0.03828125 0.10859375
2 0.89453125 0.515625 0.0265625 0.15078125
2 0.98359375 0.36796875 0.0328125 0.15546875
2 0.828125 0.7359375 0.0546875 0.19765625