2 0.30078125 0.5390625 0.04921875 0.14140625
2 0.11953125 0.51015625 0.03203125 0.1015625
2 0.03359375 0.44765625 0.02890625 0.09921875
2 0.0171875 0.515625 0.034375 0.084375
2 0.0140625 0.665625 0.02734375 0.13359375
2 0.35 0.66015625 0.0375 0.1484375
2 0.3625 0.51171875 0.0375 0.11484375
2 0.41171875 0.528125 0.03125 0.1328125
2 0.43984375 0.5 0.025 0.0859375
2 0.4765625 0.5109375 0.03828125 0.10078125
0 0.3734375 0.5359375 0.01953125 0.0515625
3 0.1359375 0.5875 0.03828125 0.140625
2 0.6546875 0.62734375 0.0359375 0.13828125
2 0.68671875 0.6453125 0.034375 0.14140625
2 0.725 0.65625 0.04609375 0.140625
2 0.82734375 0.83359375 0.04453125 0.1828125
1 0.98515625 0.57734375 0.02890625 0.1375