2 0.67421875 0.39921875 0.03046875 0.07578125
2 0.7328125 0.4203125 0.0375 0.0671875
2 0.81015625 0.43203125 0.040625 0.09765625
0 0.8171875 0.03046875 0.021875 0.01875
2 0.5296875 0.46875 0.0359375 0.1
2 0.840625 0.51015625 0.03203125 0.090625
2 0.878125 0.52890625 0.03125 0.11640625
2 0.9078125 0.72578125 0.05078125 0.13828125
2 0.43125 0.8640625 0.0671875 0.1828125
2 0.403125 0.39296875 0.04375 0.0890625
2 0.2515625 0.3875 0.02890625 0.09296875
2 0.1515625 0.42265625 0.04921875 0.11640625
2 0.2375 0.475 0.04375 0.1203125
2 0.05 0.4875 0.0234375 0.08359375
2 0.040625 0.56328125 0.05390625 0.11015625
2 0.1796875 0.7015625 0.0578125 0.1765625
3 0.50546875 0.56171875 0.0453125 0.1234375