2 0.490625 0.41640625 0.0265625 0.09609375
2 0.409375 0.46796875 0.03671875 0.0984375
2 0.31171875 0.465625 0.04375 0.09765625
2 0.23125 0.4515625 0.04296875 0.13515625
2 0.25859375 0.58125 0.0359375 0.11484375
2 0.115625 0.56171875 0.040625 0.12109375
2 0.4765625 0.61015625 0.0453125 0.11171875
2 0.61015625 0.4671875 0.04921875 0.10625
2 0.7234375 0.4984375 0.03828125 0.10390625
2 0.621875 0.82890625 0.0578125 0.1734375
3 0.5671875 0.56640625 0.028125 0.10078125
3 0.209375 0.33984375 0.03203125 0.10625
0 0.4703125 0.45390625 0.025 0.04453125
2 0.059375 0.7421875 0.03515625 0.1484375
2 0.01953125 0.7140625 0.0390625 0.15625