2 0.39375 0.36015625 0.0484375 0.12890625
2 0.24609375 0.4625 0.03359375 0.13359375
2 0.17734375 0.55859375 0.0390625 0.1328125
2 0.19609375 0.70234375 0.040625 0.15078125
2 0.23671875 0.575 0.028125 0.1265625
2 0.45 0.50390625 0.03671875 0.1328125
2 0.64453125 0.41171875 0.0453125 0.1171875
2 0.7796875 0.36796875 0.04609375 0.11328125
2 0.496875 0.5359375 0.046875 0.11484375
2 0.465625 0.68359375 0.04765625 0.14296875
2 0.5 0.6921875 0.034375 0.16953125
2 0.61640625 0.6765625 0.0359375 0.16640625
2 0.58203125 0.78125 0.03515625 0.078125
2 0.96328125 0.5046875 0.04296875 0.11015625
2 0.571875 0.86953125 0.04296875 0.16171875
0 0.51796875 0.75546875 0.01640625 0.04609375
3 0.6046875 0.1296875 0.02734375 0.078125
3 0.78984375 0.49453125 0.03359375 0.12421875