3 0.24140625 0.65234375 0.0453125 0.13359375
0 0.540625 0.39140625 0.01171875 0.025
2 0.54765625 0.38984375 0.01953125 0.08515625
2 0.23125 0.43203125 0.02734375 0.09765625
2 0.196875 0.490625 0.0171875 0.0984375
2 0.21953125 0.49453125 0.0234375 0.08671875
2 0.32890625 0.61171875 0.04140625 0.12734375
2 0.3703125 0.6 0.04609375 0.11640625
2 0.60234375 0.4828125 0.046875 0.1234375
2 0.66796875 0.4640625 0.04453125 0.125
2 0.86796875 0.6859375 0.04296875 0.15703125
2 0.82734375 0.72265625 0.03046875 0.16796875
2 0.75625 0.6328125 0.0375 0.1328125