3 0.2484375 0.2859375 0.02578125 0.071875
3 0.621875 0.55390625 0.03515625 0.11796875
0 0.2921875 0.4140625 0.01328125 0.03046875
2 0.303125 0.36484375 0.02265625 0.075
2 0.1375 0.45 0.03515625 0.1171875
2 0.27265625 0.52734375 0.02890625 0.14375
2 0.4046875 0.47421875 0.034375 0.0953125
2 0.5015625 0.41640625 0.0296875 0.078125
2 0.51796875 0.46328125 0.04375 0.075
2 0.54609375 0.53359375 0.0421875 0.0921875
2 0.64453125 0.6546875 0.03125 0.1078125
2 0.67734375 0.65390625 0.034375 0.12109375
2 0.31171875 0.73046875 0.0640625 0.14375
2 0.3734375 0.84140625 0.053125 0.1703125
2 0.9796875 0.784375 0.040625 0.134375
2 0.98046875 0.54296875 0.03046875 0.121875
2 0.95390625 0.484375 0.0296875 0.0875
2 0.83359375 0.39296875 0.0359375 0.0875
2 0.9046875 0.51875 0.03046875 0.103125
2 0.67578125 0.64921875 0.03125 0.11171875