0 0.81796875 0.40703125 0.01484375 0.0265625
2 0.80234375 0.36484375 0.015625 0.07421875
2 0.71171875 0.4234375 0.0234375 0.09140625
2 0.84921875 0.409375 0.015625 0.0640625
2 0.96640625 0.48046875 0.025 0.11875
2 0.72265625 0.51875 0.03828125 0.09765625
2 0.48984375 0.4203125 0.03046875 0.08828125
2 0.46171875 0.371875 0.0171875 0.090625
2 0.446875 0.4421875 0.03203125 0.08125
2 0.49765625 0.5765625 0.0359375 0.09296875
3 0.46875 0.62421875 0.0234375 0.1078125
3 0.125 0.35078125 0.0328125 0.12109375
2 0.3390625 0.6578125 0.0453125 0.14375
2 0.19765625 0.415625 0.01796875 0.10390625
2 0.17265625 0.421875 0.02578125 0.10390625
2 0.08203125 0.45859375 0.03984375 0.1203125
2 0.03125 0.46484375 0.03125 0.12421875
2 0.04765625 0.634375 0.040625 0.1421875