3 0.58046875 0.53203125 0.034375 0.12265625
3 0.39921875 0.25 0.02109375 0.0640625
0 0.43828125 0.51171875 0.0265625 0.04140625
2 0.36171875 0.35625 0.03359375 0.1015625
2 0.2640625 0.49765625 0.04609375 0.1421875
2 0.134375 0.55078125 0.05234375 0.14765625
2 0.2484375 0.69921875 0.05859375 0.1859375
2 0.359375 0.66875 0.0640625 0.09765625
2 0.4578125 0.52578125 0.05078125 0.0921875
2 0.45234375 0.4671875 0.04609375 0.10390625
2 0.41328125 0.4203125 0.028125 0.10078125
2 0.5359375 0.41796875 0.04609375 0.12890625
2 0.66171875 0.45703125 0.03515625 0.12109375
2 0.68984375 0.4078125 0.034375 0.0984375
2 0.8625 0.4 0.025 0.0859375
2 0.878125 0.390625 0.0203125 0.08671875
2 0.93515625 0.4453125 0.04296875 0.10390625
2 0.6984375 0.5390625 0.053125 0.11953125
2 0.496875 0.72890625 0.05703125 0.15234375