0 0.48046875 0.60859375 0.01796875 0.04140625
2 0.32890625 0.3484375 0.05625 0.12578125
2 0.1796875 0.46015625 0.0578125 0.13828125
2 0.2984375 0.490625 0.0578125 0.1296875
2 0.48515625 0.4484375 0.0453125 0.12890625
2 0.5875 0.36328125 0.0359375 0.09609375
2 0.54375 0.48125 0.040625 0.11171875
2 0.73984375 0.41953125 0.0359375 0.0921875
2 0.82421875 0.37421875 0.0484375 0.115625
2 0.753125 0.6765625 0.0390625 0.12421875
3 0.92421875 0.484375 0.05 0.11796875
2 0.9875 0.25 0.02265625 0.09140625
2 0.5015625 0.63828125 0.0265625 0.11484375