0 0.66328125 0.44921875 0.01640625 0.03984375
2 0.6546875 0.734375 0.0625 0.19921875
2 0.9828125 0.4984375 0.03203125 0.1140625
2 0.66875 0.39453125 0.02421875 0.07265625
2 0.90859375 0.73125 0.053125 0.1625
2 0.33984375 0.778125 0.0625 0.19765625
2 0.22578125 0.609375 0.034375 0.14921875
2 0.3609375 0.49375 0.028125 0.1046875
2 0.36328125 0.4234375 0.02421875 0.1
2 0.39453125 0.4 0.03203125 0.06015625
2 0.36953125 0.3953125 0.03359375 0.07421875
2 0.2140625 0.91484375 0.05 0.1703125
2 0.503125 0.934375 0.053125 0.13125
2 0.04453125 0.52109375 0.02890625 0.13359375
2 0.0125 0.5359375 0.025 0.1125
2 0.0109375 0.6203125 0.021875 0.103125