2 0.51171875 0.68046875 0.05234375 0.159375
2 0.47265625 0.51875 0.0296875 0.11328125
2 0.46953125 0.409375 0.0265625 0.1375
2 0.35546875 0.5578125 0.05078125 0.140625
2 0.19140625 0.4265625 0.04375 0.115625
2 0.22109375 0.32734375 0.0390625 0.12890625
2 0.17890625 0.26640625 0.03984375 0.0984375
2 0.15859375 0.490625 0.0515625 0.153125
2 0.71875 0.43125 0.0375 0.12578125
2 0.7421875 0.3 0.03203125 0.0828125
2 0.7796875 0.2859375 0.06015625 0.08359375
2 0.8234375 0.3796875 0.03671875 0.1140625
2 0.86171875 0.51171875 0.0484375 0.1546875
3 0.59453125 0.4484375 0.0546875 0.15546875
0 0.4828125 0.68984375 0.025 0.028125