3 0.396875 0.415625 0.03359375 0.11875
0 0.19296875 0.6453125 0.021875 0.05078125
2 0.08671875 0.5046875 0.0375 0.128125
2 0.25 0.29453125 0.034375 0.10234375
2 0.33984375 0.31953125 0.028125 0.09453125
2 0.54765625 0.23515625 0.03203125 0.096875
2 0.65390625 0.27578125 0.0328125 0.0921875
2 0.79375 0.3859375 0.03828125 0.11484375
2 0.6984375 0.3984375 0.03359375 0.13203125
2 0.52421875 0.484375 0.034375 0.13046875
2 0.40078125 0.70859375 0.02578125 0.109375
2 0.3734375 0.7421875 0.0390625 0.13203125
2 0.65703125 0.621875 0.03984375 0.1578125
2 0.675 0.71640625 0.03984375 0.17265625
2 0.90234375 0.66953125 0.0296875 0.140625