0 0.80234375 0.44609375 0.01328125 0.0296875
3 0.44140625 0.5359375 0.0375 0.1453125
2 0.140625 0.4671875 0.02109375 0.11171875
2 0.18125 0.41875 0.03203125 0.10859375
2 0.2328125 0.39921875 0.02734375 0.11171875
2 0.4515625 0.4078125 0.03203125 0.09140625
2 0.60078125 0.41875 0.03359375 0.09765625
2 0.71484375 0.4125 0.028125 0.0734375
2 0.49140625 0.56171875 0.0421875 0.1140625
2 0.80390625 0.578125 0.0375 0.12421875
2 0.9484375 0.50859375 0.046875 0.10859375
2 0.9265625 0.63671875 0.03515625 0.125
2 0.93984375 0.803125 0.03828125 0.16484375
2 0.78515625 0.94765625 0.0421875 0.1046875
2 0.06328125 0.45859375 0.0171875 0.07890625
2 0.140625 0.60859375 0.05078125 0.1421875