3 0.5296875 0.5140625 0.03046875 0.14921875
0 0.2765625 0.42421875 0.025 0.040625
2 0.3078125 0.3703125 0.0359375 0.10234375
2 0.365625 0.4421875 0.03046875 0.1140625
2 0.303125 0.5671875 0.0390625 0.11640625
2 0.540625 0.39296875 0.0328125 0.109375
2 0.46953125 0.37421875 0.02421875 0.09921875
2 0.60078125 0.365625 0.03515625 0.1125
2 0.61015625 0.5546875 0.0421875 0.140625
2 0.50234375 0.59375 0.05546875 0.15546875
2 0.7875 0.484375 0.04453125 0.16015625
2 0.7953125 0.6765625 0.07734375 0.1609375
2 0.87734375 0.5609375 0.0453125 0.1921875
2 0.92421875 0.565625 0.028125 0.17265625
2 0.98359375 0.61953125 0.03203125 0.1671875
2 0.1875 0.4515625 0.03828125 0.13125
2 0.11796875 0.58203125 0.04609375 0.14921875
2 0.2890625 0.94765625 0.04609375 0.1046875