2 0.13515625 0.36328125 0.03125 0.12578125
0 0.1578125 0.40703125 0.02109375 0.04765625
2 0.0484375 0.50546875 0.046875 0.1296875
2 0.21953125 0.6453125 0.0625 0.159375
2 0.0109375 0.8375 0.021875 0.175
2 0.4484375 0.628125 0.05625 0.1328125
2 0.4375 0.4765625 0.03046875 0.09453125
2 0.4265625 0.4109375 0.025 0.09765625
2 0.48671875 0.284375 0.04140625 0.10234375
2 0.6203125 0.33359375 0.040625 0.109375
2 0.58984375 0.45078125 0.01953125 0.08671875
2 0.86875 0.4546875 0.05390625 0.1375
2 0.6875 0.5515625 0.04453125 0.13125
2 0.66328125 0.584375 0.04765625 0.1390625
2 0.928125 0.565625 0.028125 0.14921875
2 0.96484375 0.53984375 0.0421875 0.1265625
2 0.86015625 0.7640625 0.05078125 0.1828125
2 0.6015625 0.92109375 0.05234375 0.1578125
3 0.60625 0.50859375 0.03984375 0.1390625