2 0.3875 0.290625 0.04140625 0.1015625
2 0.128125 0.44453125 0.04453125 0.1296875
2 0.3703125 0.4625 0.05 0.1328125
2 0.434375 0.58515625 0.0515625 0.13046875
2 0.22890625 0.67578125 0.03984375 0.140625
2 0.025 0.659375 0.04609375 0.1578125
2 0.571875 0.33046875 0.03125 0.10078125
2 0.85703125 0.24765625 0.028125 0.0578125
2 0.728125 0.2984375 0.0296875 0.08671875
2 0.621875 0.41953125 0.03046875 0.0953125
2 0.859375 0.3578125 0.034375 0.09765625
2 0.91484375 0.43046875 0.028125 0.10390625
2 0.7671875 0.5140625 0.04609375 0.125
2 0.63046875 0.47578125 0.0359375 0.11953125
2 0.8875 0.55859375 0.0390625 0.13828125
2 0.5578125 0.57109375 0.03046875 0.14296875
0 0.48359375 0.3765625 0.0203125 0.04140625
3 0.071875 0.47578125 0.04296875 0.1234375