1 0.18984375 0.3546875 0.04140625 0.10390625
3 0.81171875 0.20390625 0.021875 0.06953125
3 0.56015625 0.5421875 0.04609375 0.14765625
2 0.24140625 0.5765625 0.0390625 0.1234375
2 0.31015625 0.515625 0.0390625 0.12734375
2 0.39453125 0.45234375 0.046875 0.11171875
2 0.45234375 0.534375 0.04921875 0.1328125
2 0.48515625 0.41171875 0.0234375 0.09921875
2 0.503125 0.40234375 0.028125 0.09765625
2 0.7703125 0.40703125 0.0375 0.10234375
2 0.91875 0.48359375 0.04375 0.121875
2 0.95234375 0.509375 0.03984375 0.12265625
2 0.7375 0.6515625 0.04609375 0.13984375
2 0.41171875 0.659375 0.03359375 0.125
2 0.3484375 0.5328125 0.028125 0.1140625
2 0.36875 0.56015625 0.028125 0.09296875
2 0.371875 0.596875 0.03125 0.11640625
0 0.3921875 0.6359375 0.01328125 0.04765625