3 0.82578125 0.94453125 0.06015625 0.1109375
0 0.7265625 0.63359375 0.0203125 0.05234375
2 0.73515625 0.60390625 0.04140625 0.1296875
2 0.76953125 0.3625 0.04921875 0.12421875
2 0.40703125 0.49453125 0.0328125 0.10859375
2 0.35703125 0.396875 0.0296875 0.09765625
2 0.33515625 0.240625 0.0359375 0.10078125
2 0.23125 0.309375 0.03828125 0.11640625
2 0.140625 0.34609375 0.01953125 0.096875
2 0.10703125 0.48515625 0.0390625 0.10390625
2 0.32890625 0.44453125 0.04296875 0.10390625
2 0.38046875 0.621875 0.034375 0.12734375
2 0.12578125 0.5671875 0.03828125 0.11875
2 0.02578125 0.6640625 0.034375 0.1515625