2 0.8296875 0.74453125 0.028125 0.15859375
0 0.80390625 0.77421875 0.025 0.059375
1 0.90546875 0.37890625 0.0375 0.10390625
2 0.66875 0.5953125 0.04609375 0.1328125
2 0.58203125 0.48359375 0.0484375 0.13125
2 0.5265625 0.4046875 0.03125 0.115625
2 0.5015625 0.465625 0.03671875 0.0828125
2 0.39609375 0.3703125 0.02109375 0.07265625
2 0.38203125 0.37578125 0.03046875 0.06796875
2 0.36484375 0.465625 0.01953125 0.0734375
2 0.35078125 0.453125 0.0265625 0.07890625
2 0.45703125 0.67265625 0.05 0.159375
2 0.3125 0.5296875 0.0328125 0.1203125
2 0.08203125 0.6328125 0.03359375 0.1203125
2 0.046875 0.553125 0.034375 0.13984375
2 0.0875 0.41171875 0.0390625 0.09609375
3 0.15078125 0.525 0.03515625 0.1296875