0 0.03515625 0.56328125 0.021875 0.05390625
1 0.4671875 0.37734375 0.02734375 0.10078125
2 0.2875 0.51875 0.034375 0.10078125
2 0.31953125 0.5234375 0.04140625 0.1125
2 0.4671875 0.4734375 0.03125 0.11171875
2 0.69453125 0.45703125 0.03359375 0.10859375
2 0.6640625 0.53671875 0.02578125 0.121875
2 0.65390625 0.54296875 0.02578125 0.08203125
2 0.97265625 0.52734375 0.03203125 0.13125
2 0.82734375 0.73046875 0.034375 0.13203125
2 0.73671875 0.68828125 0.0453125 0.125
2 0.46015625 0.62578125 0.040625 0.13515625
3 0.796875 0.66171875 0.0578125 0.15703125