0 0.19140625 0.63515625 0.02265625 0.04921875
1 0.08671875 0.38359375 0.03046875 0.10078125
2 0.1703125 0.58984375 0.03203125 0.13046875
2 0.39609375 0.38671875 0.03515625 0.10703125
2 0.54921875 0.31796875 0.04140625 0.09296875
2 0.603125 0.33125 0.04140625 0.065625
2 0.55703125 0.4125 0.02421875 0.0734375
2 0.6265625 0.4109375 0.03515625 0.08515625
2 0.621875 0.51640625 0.0203125 0.090625
2 0.50625 0.51328125 0.03671875 0.10546875
2 0.34609375 0.65 0.0359375 0.165625
2 0.09609375 0.6890625 0.0453125 0.15078125
2 0.89375 0.609375 0.028125 0.09765625
2 0.94453125 0.42265625 0.03046875 0.08984375
3 0.9234375 0.42890625 0.02890625 0.0859375
3 0.65234375 0.2578125 0.02578125 0.06171875