3 0.66328125 0.2734375 0.02734375 0.078125
3 0.4921875 0.5671875 0.03515625 0.109375
0 0.69296875 0.721875 0.0140625 0.0453125
2 0.284375 0.55390625 0.0234375 0.1109375
2 0.21953125 0.72890625 0.03828125 0.14453125
2 0.31640625 0.540625 0.03359375 0.10859375
2 0.40234375 0.55078125 0.02734375 0.11484375
2 0.515625 0.41875 0.034375 0.11015625
2 0.76953125 0.390625 0.0453125 0.11015625
2 0.6484375 0.45234375 0.02734375 0.11484375
2 0.5234375 0.52265625 0.03125 0.10390625
2 0.42890625 0.496875 0.02890625 0.10078125
2 0.39375 0.79375 0.0484375 0.16328125
2 0.56171875 0.59453125 0.0421875 0.096875
2 0.58984375 0.53515625 0.034375 0.10078125
2 0.71953125 0.540625 0.0203125 0.05390625
2 0.70703125 0.6984375 0.02578125 0.115625
2 0.76796875 0.59765625 0.0453125 0.084375
2 0.7171875 0.58125 0.0296875 0.09453125
2 0.97265625 0.80078125 0.0359375 0.14921875