2 0.3140625 0.4546875 0.040625 0.134375
2 0.3015625 0.36796875 0.03203125 0.0953125
2 0.21328125 0.3296875 0.0234375 0.096875
0 0.38359375 0.48203125 0.028125 0.0609375
2 0.4546875 0.40859375 0.03828125 0.1203125
2 0.53046875 0.4203125 0.040625 0.10078125
2 0.56484375 0.56015625 0.0296875 0.11796875
2 0.28828125 0.91328125 0.06015625 0.1734375
3 0.57578125 0.50546875 0.03203125 0.1203125
2 0.75546875 0.5125 0.03515625 0.12734375
2 0.78203125 0.54765625 0.03046875 0.115625
2 0.86015625 0.35703125 0.028125 0.09296875
2 0.89296875 0.35234375 0.03359375 0.084375
2 0.9234375 0.48046875 0.0375 0.1078125
2 0.98828125 0.43515625 0.02265625 0.11875