0 0.48515625 0.69453125 0.021875 0.0359375
2 0.1734375 0.48125 0.03203125 0.11484375
2 0.26796875 0.39609375 0.04140625 0.1265625
2 0.509375 0.38515625 0.03828125 0.10625
2 0.425 0.50625 0.046875 0.13671875
2 0.815625 0.3546875 0.0421875 0.10625
2 0.68125 0.4625 0.04375 0.10703125
2 0.71875 0.47890625 0.0265625 0.115625
2 0.7265625 0.6390625 0.0421875 0.14765625
2 0.50234375 0.64609375 0.034375 0.11015625
2 0.35234375 0.6546875 0.04453125 0.14921875
2 0.50390625 0.56171875 0.03203125 0.1109375
2 0.51796875 0.503125 0.0421875 0.0921875
2 0.20625 0.51328125 0.04921875 0.1203125
2 0.09140625 0.61640625 0.04765625 0.16953125
3 0.46875 0.16015625 0.0296875 0.08359375
3 0.76171875 0.54140625 0.04296875 0.13125