2 0.396875 0.43359375 0.03203125 0.09765625
2 0.471875 0.4234375 0.0203125 0.084375
2 0.51484375 0.4375 0.0203125 0.0875
2 0.54921875 0.43359375 0.02890625 0.0796875
2 0.60234375 0.4375 0.03203125 0.0984375
2 0.39453125 0.53515625 0.03671875 0.11328125
2 0.13828125 0.44375 0.0421875 0.11015625
2 0.575 0.51015625 0.02890625 0.090625
2 0.696875 0.4421875 0.0390625 0.09609375
2 0.82265625 0.409375 0.03515625 0.0765625
2 0.81796875 0.46875 0.0484375 0.07890625
2 0.9125 0.53359375 0.040625 0.115625
2 0.76796875 0.59453125 0.04296875 0.11875
2 0.5328125 0.69609375 0.0515625 0.13984375
0 0.38203125 0.4765625 0.01328125 0.0296875
3 0.63984375 0.5140625 0.0375 0.125