3 0.05625 0.24375 0.03671875 0.0921875
3 0.28671875 0.47109375 0.03046875 0.1109375
0 0.79921875 0.465625 0.0171875 0.025
2 0.82109375 0.4234375 0.03046875 0.09453125
2 0.63984375 0.2859375 0.0375 0.11484375
2 0.54296875 0.3109375 0.04609375 0.10390625
2 0.42421875 0.31796875 0.04140625 0.1015625
2 0.31796875 0.3828125 0.0421875 0.1046875
2 0.18984375 0.359375 0.0328125 0.08515625
2 0.17421875 0.271875 0.02734375 0.10234375
2 0.08671875 0.3109375 0.03046875 0.09453125
2 0.01953125 0.49921875 0.03671875 0.1203125
2 0.36328125 0.64140625 0.0484375 0.14375
2 0.3875 0.46171875 0.0359375 0.13046875
2 0.48828125 0.50546875 0.0484375 0.11484375
2 0.63515625 0.3953125 0.03125 0.10859375
2 0.71953125 0.478125 0.03984375 0.09609375
2 0.91484375 0.85625 0.04453125 0.15546875