0 0.87890625 0.4765625 0.015625 0.0265625
2 0.88515625 0.459375 0.03671875 0.0859375
2 0.82109375 0.49296875 0.03046875 0.0765625
2 0.73203125 0.49375 0.0265625 0.08359375
2 0.65546875 0.4703125 0.034375 0.08203125
2 0.6875 0.5390625 0.021875 0.09296875
2 0.64765625 0.5578125 0.05 0.10078125
2 0.878125 0.675 0.0359375 0.12734375
2 0.60703125 0.8515625 0.03046875 0.14140625
2 0.3515625 0.55390625 0.03359375 0.1234375
2 0.48359375 0.51640625 0.0328125 0.10546875
2 0.4328125 0.46875 0.02421875 0.0890625
2 0.4796875 0.4140625 0.0359375 0.10078125
2 0.4796875 0.3453125 0.0359375 0.08671875
2 0.30390625 0.45234375 0.03359375 0.10546875
2 0.19375 0.51640625 0.028125 0.0890625
2 0.24609375 0.66796875 0.03671875 0.11953125
2 0.184375 0.64296875 0.034375 0.13046875
2 0.18671875 0.79765625 0.05390625 0.14296875
3 0.253125 0.3171875 0.01953125 0.05859375
3 0.56953125 0.584375 0.03515625 0.1140625