0 0.23203125 0.49453125 0.021875 0.03984375
2 0.24765625 0.46015625 0.03203125 0.09296875
2 0.24296875 0.4125 0.02890625 0.06328125
2 0.2828125 0.45078125 0.03203125 0.09921875
3 0.26171875 0.56171875 0.0375 0.11796875
1 0.38828125 0.47265625 0.0265625 0.071875
3 0.8484375 0.31484375 0.04296875 0.1171875
2 0.453125 0.48515625 0.03359375 0.09140625
2 0.3875 0.51640625 0.0109375 0.10078125
2 0.5125 0.4796875 0.0359375 0.09921875
2 0.49296875 0.56484375 0.040625 0.1125
2 0.7140625 0.56953125 0.0453125 0.14453125
2 0.9328125 0.59140625 0.0390625 0.13515625
2 0.01953125 0.5890625 0.0390625 0.165625
2 0.3421875 0.80546875 0.05234375 0.19140625