2 0.0484375 0.69609375 0.06484375 0.1671875
2 0.1765625 0.51015625 0.046875 0.15390625
2 0.265625 0.43359375 0.04921875 0.1125
2 0.35234375 0.34921875 0.04453125 0.12734375
2 0.43203125 0.42421875 0.04140625 0.125
0 0.21171875 0.65625 0.0203125 0.0609375
2 0.5171875 0.43359375 0.03046875 0.09453125
2 0.54609375 0.42578125 0.02890625 0.10703125
2 0.57265625 0.47109375 0.02421875 0.09921875
2 0.54453125 0.534375 0.025 0.1203125
2 0.6703125 0.30390625 0.02734375 0.078125
2 0.6796875 0.33828125 0.025 0.0703125
2 0.690625 0.378125 0.02265625 0.096875
2 0.7625 0.35 0.02890625 0.12890625
2 0.721875 0.40703125 0.0265625 0.12734375
2 0.80390625 0.521875 0.03359375 0.13046875
2 0.9625 0.42265625 0.0359375 0.12890625
2 0.815625 0.9375 0.06953125 0.125
3 0.8703125 0.53359375 0.0453125 0.13125
3 0.46953125 0.25390625 0.03359375 0.084375