3 0.80703125 0.43515625 0.05859375 0.15546875
0 0.56171875 0.5390625 0.021875 0.05078125
2 0.72109375 0.1625 0.028125 0.09765625
2 0.8703125 0.30234375 0.040625 0.10546875
2 0.98125 0.3109375 0.028125 0.11640625
2 0.7140625 0.4609375 0.046875 0.13671875
2 0.76328125 0.51015625 0.03203125 0.11328125
2 0.51640625 0.259375 0.04140625 0.09765625
2 0.59140625 0.35078125 0.0453125 0.1140625
2 0.61015625 0.48671875 0.04140625 0.11953125
2 0.56796875 0.69453125 0.06875 0.19765625
2 0.8890625 0.74140625 0.071875 0.20078125
2 0.40234375 0.51015625 0.05078125 0.1140625
2 0.4078125 0.37109375 0.0375 0.10703125
2 0.3375 0.46328125 0.0578125 0.10859375
2 0.32578125 0.4296875 0.0375 0.09296875