2 0.53359375 0.2859375 0.01953125 0.075
2 0.7765625 0.346875 0.03203125 0.09296875
2 0.95625 0.43984375 0.028125 0.10703125
2 0.5328125 0.290625 0.0203125 0.09375
2 0.60546875 0.36640625 0.0234375 0.08359375
2 0.58359375 0.3859375 0.02109375 0.084375
2 0.7359375 0.409375 0.0390625 0.09765625
2 0.60390625 0.46171875 0.0234375 0.090625
2 0.534375 0.38671875 0.028125 0.08203125
2 0.43828125 0.4625 0.0296875 0.1015625
2 0.521875 0.52734375 0.0390625 0.1046875
2 0.75078125 0.746875 0.04296875 0.1625
2 0.8359375 0.659375 0.03203125 0.13203125
2 0.36328125 0.35078125 0.02734375 0.10625
2 0.3125 0.34609375 0.0296875 0.0875
2 0.178125 0.490625 0.02578125 0.11484375
2 0.12421875 0.43125 0.02578125 0.11484375
2 0.0140625 0.55546875 0.02734375 0.12109375
3 0.2171875 0.2625 0.01875 0.0703125
3 0.31640625 0.509375 0.04375 0.134375
0 0.74921875 0.3625 0.01875 0.03125