0 0.41015625 0.775 0.0203125 0.0453125
2 0.14296875 0.24296875 0.03359375 0.096875
2 0.21953125 0.30234375 0.03125 0.084375
2 0.3671875 0.36640625 0.028125 0.08359375
2 0.0921875 0.5578125 0.02890625 0.12578125
2 0.38828125 0.471875 0.0328125 0.10625
2 0.4421875 0.5421875 0.03515625 0.11484375
2 0.49609375 0.25546875 0.0203125 0.07734375
2 0.60234375 0.27890625 0.02734375 0.0859375
2 0.64296875 0.45078125 0.0328125 0.1171875
2 0.42109375 0.73125 0.0359375 0.1203125
2 0.48671875 0.7171875 0.04140625 0.11875
2 0.81953125 0.6921875 0.0515625 0.16015625
2 0.8234375 0.41796875 0.03125 0.1109375
2 0.88046875 0.40390625 0.03359375 0.12109375
2 0.83203125 0.25703125 0.03203125 0.09296875
2 0.7484375 0.19296875 0.0375 0.103125
2 0.98359375 0.515625 0.0328125 0.14375
3 0.690625 0.3734375 0.0484375 0.12109375
3 0.2140625 0.12265625 0.021875 0.0625