0 0.52890625 0.52734375 0.0140625 0.02890625
3 0.43046875 0.5859375 0.03359375 0.090625
3 0.2796875 0.3375 0.0109375 0.04453125
3 0.509375 0.9453125 0.0328125 0.10859375
2 0.2109375 0.4640625 0.0296875 0.11015625
2 0.16171875 0.4921875 0.02578125 0.078125
2 0.0640625 0.6109375 0.02421875 0.09140625
2 0.01875 0.7109375 0.03125 0.13671875
2 0.2984375 0.52265625 0.0265625 0.07109375
2 0.37578125 0.575 0.025 0.10234375
2 0.44375 0.4515625 0.01875 0.0703125
2 0.52109375 0.43203125 0.015625 0.0640625
2 0.4953125 0.56640625 0.02421875 0.0859375
2 0.515625 0.65078125 0.01953125 0.09140625
2 0.6859375 0.46796875 0.025 0.07109375
2 0.73359375 0.39375 0.01875 0.065625
2 0.525 0.49453125 0.0140625 0.06484375
2 0.66953125 0.5734375 0.01953125 0.084375
2 0.86796875 0.46875 0.01953125 0.0765625
2 0.5375 0.584375 0.01484375 0.0578125
2 0.5296875 0.62265625 0.03046875 0.08671875
2 0.6046875 0.790625 0.034375 0.12421875