0 0.31171875 0.834375 0.01953125 0.04765625
2 0.13203125 0.55625 0.04453125 0.11328125
2 0.29921875 0.43203125 0.03671875 0.08203125
2 0.28671875 0.35078125 0.0234375 0.08515625
2 0.33203125 0.3578125 0.0296875 0.0890625
2 0.35078125 0.4390625 0.0171875 0.1015625
2 0.54921875 0.68203125 0.02578125 0.1375
2 0.67265625 0.6203125 0.03828125 0.16484375
2 0.76640625 0.40546875 0.028125 0.1046875
2 0.7796875 0.44609375 0.0296875 0.10546875
2 0.98515625 0.56640625 0.02890625 0.159375
3 0.20078125 0.590625 0.0421875 0.13203125