2 0.42578125 0.434375 0.0328125 0.09375
2 0.365625 0.53046875 0.0296875 0.13203125
2 0.21015625 0.51640625 0.03984375 0.14453125
2 0.178125 0.50859375 0.0375 0.12109375
2 0.0484375 0.43671875 0.040625 0.10390625
2 0.115625 0.68203125 0.05234375 0.15546875
2 0.2703125 0.66328125 0.040625 0.13515625
2 0.55546875 0.48046875 0.0265625 0.13125
2 0.48671875 0.465625 0.01953125 0.0734375
2 0.50546875 0.46171875 0.0140625 0.0546875
2 0.51171875 0.50859375 0.0171875 0.09375
2 0.72265625 0.45078125 0.03046875 0.1265625
2 0.74765625 0.4765625 0.03125 0.12421875
2 0.8046875 0.50703125 0.0171875 0.08046875
2 0.796875 0.55859375 0.01953125 0.13984375
2 0.92578125 0.6328125 0.0359375 0.1421875
0 0.51953125 0.41015625 0.021875 0.05703125
3 0.425 0.553125 0.04453125 0.121875