0 0.640625 0.45234375 0.01875 0.0265625
2 0.63203125 0.4140625 0.034375 0.0984375
2 0.5234375 0.4328125 0.0421875 0.10859375
2 0.45703125 0.49609375 0.021875 0.11171875
2 0.47890625 0.509375 0.02109375 0.09765625
2 0.32734375 0.6125 0.04453125 0.134375
2 0.24921875 0.571875 0.0375 0.1390625
2 0.2578125 0.7 0.0421875 0.14453125
2 0.51796875 0.53046875 0.04140625 0.1125
2 0.5890625 0.59609375 0.02734375 0.121875
2 0.6875 0.48515625 0.02734375 0.11953125
2 0.81328125 0.546875 0.0328125 0.0953125
2 0.93828125 0.4984375 0.028125 0.1234375
2 0.853125 0.56328125 0.02578125 0.06875
2 0.8375 0.6171875 0.03203125 0.13125
2 0.72734375 0.803125 0.05234375 0.15546875
3 0.61796875 0.51015625 0.034375 0.11171875
3 0.57421875 0.29375 0.021875 0.071875