3 0.6921875 0.278125 0.0390625 0.0875
0 0.09296875 0.48671875 0.0140625 0.03125
1 0.0796875 0.4484375 0.03046875 0.1109375
2 0.28046875 0.59453125 0.0375 0.115625
2 0.51484375 0.39453125 0.0234375 0.09453125
2 0.5671875 0.43984375 0.03515625 0.09453125
2 0.521875 0.62421875 0.0390625 0.1625
2 0.81640625 0.42421875 0.03671875 0.09453125
2 0.79453125 0.37421875 0.02578125 0.1015625
2 0.8890625 0.60625 0.05625 0.11953125
2 0.975 0.63046875 0.034375 0.11953125
2 0.98671875 0.5453125 0.0265625 0.15078125