2 0.15078125 0.46328125 0.0234375 0.090625
0 0.16640625 0.484375 0.015625 0.0296875
2 0.1484375 0.37890625 0.0265625 0.07109375
3 0.059375 0.27890625 0.03828125 0.07109375
2 0.26484375 0.47578125 0.0421875 0.11328125
2 0.45703125 0.415625 0.03046875 0.0890625
2 0.47265625 0.425 0.02109375 0.078125
2 0.5578125 0.3109375 0.0296875 0.0765625
2 0.55234375 0.42265625 0.028125 0.0984375
2 0.68203125 0.3484375 0.01875 0.08046875
2 0.815625 0.475 0.021875 0.0875
2 0.8546875 0.465625 0.03125 0.10859375
2 0.91015625 0.546875 0.03984375 0.134375
2 0.965625 0.74140625 0.03046875 0.134375
2 0.590625 0.58984375 0.0515625 0.13671875
2 0.52421875 0.6296875 0.04296875 0.1140625
2 0.42890625 0.740625 0.040625 0.15078125
2 0.5171875 0.8203125 0.0671875 0.16640625
3 0.615625 0.53828125 0.02421875 0.134375