0 0.2859375 0.3828125 0.025 0.04140625
3 0.6765625 0.4671875 0.021875 0.0859375
2 0.26484375 0.35078125 0.02578125 0.09375
2 0.27109375 0.48828125 0.02421875 0.09375
2 0.034375 0.53359375 0.05 0.12265625
2 0.378125 0.71015625 0.0484375 0.16875
2 0.48984375 0.85546875 0.06640625 0.17578125
2 0.68125 0.61796875 0.06015625 0.12578125
2 0.5703125 0.540625 0.0328125 0.09375
2 0.4203125 0.4359375 0.0421875 0.10859375
2 0.48359375 0.421875 0.025 0.11875
2 0.47421875 0.3265625 0.040625 0.09765625
2 0.55703125 0.34140625 0.0296875 0.10546875
2 0.540625 0.39375 0.03203125 0.075
2 0.6234375 0.49609375 0.03203125 0.11875
2 0.69140625 0.5875 0.0375 0.1328125
2 0.6984375 0.45078125 0.0234375 0.1171875
2 0.7171875 0.42109375 0.03125 0.0703125
2 0.7421875 0.4546875 0.03046875 0.11953125
2 0.86875 0.603125 0.046875 0.134375