2 0.3515625 0.35078125 0.03828125 0.1140625
2 0.46484375 0.33203125 0.0359375 0.07109375
2 0.30703125 0.465625 0.0453125 0.103125
2 0.1390625 0.515625 0.03046875 0.09453125
2 0.13515625 0.584375 0.03046875 0.109375
2 0.4515625 0.6109375 0.06484375 0.10625
2 0.46015625 0.52734375 0.03203125 0.0828125
2 0.50390625 0.4453125 0.03515625 0.10234375
2 0.68203125 0.36640625 0.03671875 0.1140625
2 0.69921875 0.31796875 0.03984375 0.065625
2 0.58125 0.48515625 0.0296875 0.09453125
2 0.65234375 0.534375 0.03046875 0.1203125
2 0.703125 0.53359375 0.03515625 0.09375
2 0.75625 0.409375 0.0375 0.10390625
2 0.81953125 0.39140625 0.0296875 0.090625
2 0.959375 0.63828125 0.0484375 0.128125
2 0.47109375 0.86015625 0.05 0.12734375
0 0.39765625 0.64609375 0.01796875 0.04921875
3 0.39296875 0.265625 0.0390625 0.10390625
3 0.409375 0.4953125 0.01875 0.1140625