3 0.3046875 0.2234375 0.0234375 0.071875
3 0.75703125 0.428125 0.02109375 0.11171875
2 0.1671875 0.40859375 0.02734375 0.1078125
2 0.321875 0.3390625 0.0328125 0.084375
2 0.43125 0.41171875 0.03203125 0.10859375
2 0.59921875 0.3453125 0.0296875 0.08046875
2 0.81015625 0.27265625 0.02734375 0.1015625
2 0.91171875 0.33046875 0.01640625 0.0859375
2 0.81796875 0.45625 0.0296875 0.0921875
2 0.7890625 0.45546875 0.02265625 0.1109375
2 0.578125 0.5578125 0.03125 0.10078125
2 0.49296875 0.47890625 0.04453125 0.1
2 0.38671875 0.53046875 0.03359375 0.11953125
2 0.62578125 0.65625 0.03984375 0.15625
2 0.93828125 0.56875 0.03046875 0.125
2 0.98984375 0.56015625 0.0203125 0.1234375
2 0.98984375 0.4546875 0.0203125 0.0875
0 0.3140625 0.50234375 0.021875 0.05390625