2 0.6234375 0.41640625 0.02265625 0.08046875
2 0.6484375 0.42109375 0.0265625 0.078125
2 0.93203125 0.3046875 0.02265625 0.0671875
2 0.76796875 0.70703125 0.02265625 0.10859375
0 0.8 0.7390625 0.02421875 0.05390625
2 0.6828125 0.696875 0.03515625 0.1203125
2 0.56171875 0.56171875 0.03203125 0.14140625
2 0.47421875 0.63671875 0.03046875 0.121875
2 0.23671875 0.596875 0.0421875 0.13125
2 0.31640625 0.45859375 0.0296875 0.096875
2 0.421875 0.30859375 0.02890625 0.0625
2 0.3859375 0.27734375 0.02421875 0.09765625
2 0.2453125 0.33125 0.02890625 0.09296875
2 0.121875 0.365625 0.0296875 0.1
2 0.2140625 0.40234375 0.03515625 0.11796875
2 0.01953125 0.45078125 0.03828125 0.09375
2 0.159375 0.46796875 0.04609375 0.1234375
2 0.0421875 0.52578125 0.034375 0.1171875
3 0.2671875 0.45625 0.0359375 0.14296875
3 0.44765625 0.19765625 0.028125 0.07890625