2 0.140625 0.53984375 0.02734375 0.12265625
2 0.14453125 0.3203125 0.02578125 0.090625
2 0.32578125 0.23359375 0.028125 0.0828125
2 0.2671875 0.3875 0.0359375 0.1046875
2 0.18046875 0.6046875 0.025 0.09296875
0 0.23671875 0.55 0.02578125 0.05234375
2 0.39375 0.39609375 0.03046875 0.09375
2 0.42109375 0.396875 0.021875 0.0921875
2 0.46015625 0.32578125 0.0265625 0.09140625
2 0.5484375 0.24921875 0.0359375 0.07890625
2 0.6828125 0.3359375 0.02265625 0.09921875
2 0.8171875 0.22421875 0.0390625 0.0953125
2 0.85390625 0.24375 0.02578125 0.10859375
2 0.73125 0.384375 0.0296875 0.0875
2 0.6453125 0.50390625 0.04140625 0.1171875
2 0.60625 0.50078125 0.03359375 0.1125
2 0.94453125 0.678125 0.05703125 0.1265625
2 0.9203125 0.8609375 0.053125 0.15625
2 0.8921875 0.371875 0.028125 0.125
2 0.93359375 0.321875 0.025 0.07265625
2 0.93046875 0.3984375 0.0234375 0.1015625