3 0.40625 0.48046875 0.04140625 0.1375
3 0.040625 0.175 0.03203125 0.08046875
0 0.78359375 0.45234375 0.0203125 0.04453125
2 0.05625 0.334375 0.02421875 0.090625
2 0.084375 0.33359375 0.028125 0.09765625
2 0.23046875 0.4359375 0.03515625 0.11484375
2 0.09453125 0.53671875 0.028125 0.10703125
2 0.321875 0.60625 0.0546875 0.14296875
2 0.4984375 0.528125 0.06875 0.1203125
2 0.4765625 0.34296875 0.03828125 0.09453125
2 0.578125 0.47109375 0.046875 0.12890625
2 0.65390625 0.409375 0.05078125 0.0859375
2 0.759375 0.4171875 0.03828125 0.10546875
2 0.81328125 0.32265625 0.02109375 0.06484375
2 0.8265625 0.30390625 0.0453125 0.0640625
2 0.6796875 0.5140625 0.03046875 0.11484375
2 0.6703125 0.82890625 0.0515625 0.178125