3 0.5765625 0.23359375 0.0234375 0.07109375
3 0.78203125 0.54609375 0.03359375 0.13359375
0 0.4234375 0.70859375 0.0203125 0.0359375
2 0.253125 0.68984375 0.05078125 0.15234375
2 0.2109375 0.63203125 0.03359375 0.1078125
2 0.178125 0.6046875 0.02890625 0.1234375
2 0.43359375 0.4203125 0.03125 0.10859375
2 0.5796875 0.51171875 0.0328125 0.1046875
2 0.51875 0.6484375 0.04921875 0.1328125
2 0.5953125 0.778125 0.040625 0.1328125
2 0.778125 0.859375 0.0453125 0.17109375
2 0.93671875 0.82265625 0.03046875 0.17421875
2 0.90859375 0.459375 0.0234375 0.0828125
2 0.90390625 0.38359375 0.0359375 0.128125