2 0.1 0.4015625 0.07578125 0.07109375
2 0.24375 0.490625 0.0484375 0.153125
2 0.46953125 0.43984375 0.02421875 0.103125
2 0.4828125 0.3859375 0.04453125 0.1078125
2 0.509375 0.43671875 0.0328125 0.13125
2 0.53515625 0.484375 0.02890625 0.10703125
2 0.584375 0.49140625 0.03046875 0.10078125
2 0.64375 0.47421875 0.01875 0.0796875
2 0.6828125 0.465625 0.03046875 0.1140625
2 0.64921875 0.51875 0.02734375 0.11171875
2 0.68671875 0.60625 0.04140625 0.16328125
2 0.5984375 0.57578125 0.0328125 0.1109375
2 0.5546875 0.575 0.040625 0.10234375
2 0.4625 0.609375 0.046875 0.09921875
1 0.62578125 0.484375 0.03515625 0.09609375
3 0.15 0.4859375 0.05 0.1328125