3 0.65234375 0.44453125 0.03984375 0.1125
0 0.3875 0.3421875 0.01953125 0.04375
2 0.28515625 0.334375 0.0328125 0.08359375
2 0.1390625 0.43125 0.03671875 0.1109375
2 0.24921875 0.4484375 0.0390625 0.1046875
2 0.28828125 0.38515625 0.02890625 0.07890625
2 0.3015625 0.5046875 0.034375 0.09609375
2 0.353125 0.4859375 0.0328125 0.14140625
2 0.47109375 0.4671875 0.04296875 0.115625
2 0.4953125 0.5375 0.04140625 0.13203125
2 0.53984375 0.86171875 0.07265625 0.19375
2 0.9203125 0.659375 0.04453125 0.134375
2 0.85 0.48125 0.0421875 0.1046875
2 0.82265625 0.41171875 0.03125 0.1171875
2 0.80390625 0.39609375 0.025 0.078125
2 0.76796875 0.3640625 0.03046875 0.09453125
2 0.86953125 0.3734375 0.02890625 0.12109375