3 0.396875 0.5453125 0.04609375 0.146875
0 0.4890625 0.4578125 0.0234375 0.046875
2 0.40078125 0.3921875 0.04140625 0.09296875
2 0.35546875 0.390625 0.04296875 0.11015625
2 0.30859375 0.41875 0.03828125 0.09765625
2 0.07421875 0.4375 0.04609375 0.1234375
2 0.3015625 0.59296875 0.02265625 0.12421875
2 0.29375 0.621875 0.01875 0.13984375
2 0.04296875 0.80078125 0.0515625 0.17265625
2 0.43828125 0.425 0.0390625 0.09296875
2 0.459375 0.4265625 0.0234375 0.08125
2 0.47890625 0.5046875 0.02265625 0.09609375
2 0.45703125 0.503125 0.0234375 0.11171875
2 0.6265625 0.48125 0.0328125 0.12421875
2 0.66171875 0.540625 0.03359375 0.12578125
2 0.78515625 0.5625 0.05859375 0.16640625
2 0.80546875 0.65625 0.05 0.15078125
2 0.965625 0.7296875 0.028125 0.1421875
2 0.98828125 0.85078125 0.02265625 0.1609375