3 0.6203125 0.27890625 0.03203125 0.08828125
3 0.75078125 0.64375 0.053125 0.15
1 0.01484375 0.4046875 0.0296875 0.115625
2 0.20546875 0.5 0.0390625 0.10390625
2 0.30859375 0.49375 0.0203125 0.0890625
2 0.27421875 0.53828125 0.02734375 0.0875
2 0.37734375 0.478125 0.0359375 0.10546875
2 0.41796875 0.4703125 0.0359375 0.12109375
2 0.39375 0.63828125 0.0546875 0.15546875
2 0.3015625 0.57578125 0.025 0.09453125
2 0.27421875 0.615625 0.0265625 0.0765625
2 0.16171875 0.64375 0.040625 0.15
2 0.08984375 0.60859375 0.040625 0.12421875
2 0.2015625 0.69453125 0.04765625 0.15234375
2 0.68046875 0.50625 0.040625 0.11640625
2 0.7171875 0.5484375 0.04453125 0.1015625
2 0.82109375 0.61875 0.0390625 0.1421875