2 0.31015625 0.40390625 0.021875 0.078125
2 0.4140625 0.41171875 0.03515625 0.071875
2 0.43515625 0.4671875 0.02265625 0.07578125
2 0.42578125 0.49609375 0.021875 0.07890625
2 0.69375 0.609375 0.0453125 0.128125
2 0.6 0.71484375 0.065625 0.15703125
2 0.6625 0.90078125 0.065625 0.1609375
2 0.865625 0.925 0.05703125 0.15
2 0.71796875 0.4453125 0.03046875 0.11875
2 0.73828125 0.43203125 0.0359375 0.08046875
2 0.1546875 0.48515625 0.0328125 0.15234375
2 0.2046875 0.48515625 0.0359375 0.11640625
2 0.94453125 0.33828125 0.03515625 0.10078125
0 0.32265625 0.44609375 0.0265625 0.03125
3 0.2171875 0.3171875 0.03359375 0.0890625
3 0.8859375 0.52578125 0.0421875 0.11015625