0 0.68125 0.29453125 0.0265625 0.0390625
2 0.5625 0.43828125 0.04609375 0.1
2 0.45 0.496875 0.040625 0.0953125
2 0.190625 0.54609375 0.0296875 0.09765625
2 0.34921875 0.60078125 0.0390625 0.09375
2 0.03828125 0.72421875 0.04609375 0.1328125
2 0.0421875 0.82578125 0.03046875 0.18125
2 0.50625 0.5609375 0.04765625 0.09765625
2 0.76640625 0.50546875 0.0453125 0.10546875
2 0.75234375 0.428125 0.028125 0.08671875
2 0.8625 0.52578125 0.040625 0.11328125
2 0.97734375 0.6046875 0.0359375 0.109375
2 0.79921875 0.665625 0.0484375 0.13984375
2 0.6859375 0.6453125 0.03828125 0.15
3 0.571875 0.6609375 0.0359375 0.15859375
3 0.22265625 0.35 0.01875 0.0796875