0 0.82109375 0.86171875 0.021875 0.04453125
2 0.121875 0.6859375 0.05234375 0.1296875
2 0.19921875 0.5078125 0.0328125 0.09765625
2 0.26171875 0.5 0.03515625 0.09453125
2 0.221875 0.32890625 0.0328125 0.11875
2 0.4046875 0.3734375 0.03359375 0.090625
2 0.48828125 0.4265625 0.02890625 0.078125
2 0.68046875 0.7140625 0.0359375 0.115625
2 0.8171875 0.8234375 0.028125 0.1296875
2 0.85625 0.66796875 0.0421875 0.1234375
2 0.77421875 0.653125 0.04296875 0.11953125
2 0.7171875 0.60546875 0.03984375 0.1203125
2 0.80546875 0.4546875 0.05078125 0.1015625
2 0.6640625 0.4859375 0.03125 0.090625
2 0.65078125 0.4203125 0.04453125 0.09921875
2 0.70625 0.409375 0.05625 0.121875
2 0.60703125 0.325 0.03046875 0.09453125
2 0.5703125 0.2703125 0.028125 0.07578125
3 0.5046875 0.39921875 0.0265625 0.084375