3 0.3421875 0.48828125 0.046875 0.14609375
1 0.74453125 0.4390625 0.04375 0.12578125
0 0.78125 0.39453125 0.01484375 0.0515625
2 0.29140625 0.53671875 0.04296875 0.13125
2 0.84609375 0.43984375 0.03828125 0.121875
2 0.8015625 0.4796875 0.0375 0.08125
2 0.77890625 0.45390625 0.02265625 0.11796875
2 0.675 0.51640625 0.0375 0.12265625
2 0.628125 0.4703125 0.0375 0.1375
2 0.56015625 0.43203125 0.03671875 0.17734375
2 0.53828125 0.3890625 0.01875 0.1140625
2 0.5171875 0.40859375 0.03125 0.12578125
2 0.48828125 0.40625 0.03671875 0.13359375
2 0.0609375 0.6375 0.06875 0.184375
2 0.18125 0.6765625 0.0390625 0.14609375
2 0.3421875 0.83203125 0.04921875 0.20703125
2 0.73203125 0.7484375 0.07734375 0.2265625