2 0.12890625 0.6859375 0.03828125 0.1203125
0 0.15390625 0.7015625 0.015625 0.04296875
3 0.6453125 0.5078125 0.034375 0.0890625
3 0.0859375 0.2640625 0.0171875 0.06953125
2 0.05 0.61796875 0.0328125 0.14765625
2 0.128125 0.5 0.025 0.0890625
2 0.2828125 0.48984375 0.04609375 0.11328125
2 0.43359375 0.44296875 0.0265625 0.103125
2 0.3671875 0.803125 0.03984375 0.13125
2 0.53046875 0.7828125 0.0546875 0.1390625
2 0.37265625 0.659375 0.028125 0.09453125
2 0.28515625 0.4875 0.0421875 0.1015625
2 0.328125 0.6375 0.03125 0.0890625
2 0.728125 0.63359375 0.02578125 0.14375
2 0.75703125 0.51171875 0.03046875 0.14765625
2 0.67890625 0.4375 0.03359375 0.10234375
2 0.8421875 0.43515625 0.02421875 0.103125
2 0.7984375 0.37421875 0.01796875 0.0796875
2 0.83515625 0.3625 0.0296875 0.084375
2 0.9203125 0.396875 0.0265625 0.09765625
2 0.903125 0.4625 0.04375 0.103125