2 0.6875 0.5921875 0.05546875 0.1234375
2 0.72890625 0.7625 0.040625 0.15625
2 0.56015625 0.69765625 0.05078125 0.12734375
2 0.58671875 0.5828125 0.04453125 0.1328125
2 0.503125 0.5703125 0.03984375 0.125
2 0.509375 0.48828125 0.03203125 0.09765625
2 0.490625 0.48203125 0.04140625 0.12109375
2 0.4640625 0.47265625 0.03203125 0.14296875
2 0.3421875 0.46640625 0.03828125 0.1328125
2 0.34765625 0.3859375 0.03125 0.1328125
2 0.30546875 0.3828125 0.0265625 0.12421875
2 0.21328125 0.44453125 0.040625 0.13671875
2 0.3546875 0.69140625 0.04921875 0.14609375
2 0.28984375 0.87421875 0.06015625 0.2015625
2 0.228125 0.7046875 0.03828125 0.16484375
2 0.03125 0.8765625 0.05859375 0.190625
3 0.17734375 0.48046875 0.0453125 0.115625
1 0.68125 0.37578125 0.04375 0.11875
0 0.715625 0.80703125 0.0203125 0.04453125