2 0.0375 0.43125 0.046875 0.1109375
2 0.203125 0.51640625 0.04765625 0.10859375
2 0.0546875 0.67109375 0.0515625 0.140625
2 0.18671875 0.76484375 0.046875 0.1328125
2 0.0703125 0.92734375 0.05625 0.1453125
2 0.44609375 0.38984375 0.021875 0.07890625
2 0.43046875 0.428125 0.02578125 0.0828125
2 0.578125 0.41953125 0.04375 0.1140625
2 0.86875 0.45234375 0.03359375 0.10546875
2 0.63046875 0.6171875 0.0390625 0.12578125
2 0.59765625 0.56953125 0.03203125 0.15234375
2 0.5046875 0.553125 0.046875 0.11953125
2 0.47109375 0.52109375 0.0359375 0.11640625
2 0.465625 0.725 0.065625 0.14765625
2 0.69921875 0.7390625 0.0609375 0.15703125
2 0.93984375 0.6921875 0.059375 0.16796875
0 0.34296875 0.44765625 0.021875 0.04765625
3 0.0546875 0.34296875 0.01796875 0.08515625
3 0.7046875 0.55625 0.03359375 0.121875