2 0.61640625 0.6609375 0.0328125 0.15859375
2 0.56796875 0.5515625 0.05078125 0.14921875
2 0.51953125 0.440625 0.04453125 0.14140625
2 0.4234375 0.34453125 0.03828125 0.1421875
2 0.446875 0.196875 0.0390625 0.0890625
2 0.6328125 0.26015625 0.034375 0.09921875
2 0.71015625 0.3890625 0.03828125 0.12265625
2 0.73984375 0.43828125 0.0453125 0.134375
2 0.784375 0.47421875 0.0453125 0.14375
2 0.75546875 0.584375 0.04453125 0.14609375
0 0.60078125 0.7203125 0.02578125 0.0453125
2 0.38125 0.6453125 0.03671875 0.159375
2 0.27265625 0.7953125 0.03828125 0.16171875
2 0.17265625 0.653125 0.040625 0.14296875
2 0.10625 0.628125 0.04296875 0.16328125
2 0.16171875 0.46640625 0.040625 0.13828125
2 0.2828125 0.31953125 0.05859375 0.12265625
3 0.48046875 0.403125 0.0296875 0.11171875