0 0.46640625 0.84453125 0.02578125 0.0609375
2 0.3375 0.54765625 0.03203125 0.10859375
2 0.35546875 0.35078125 0.03828125 0.10859375
2 0.20859375 0.40078125 0.04375 0.11796875
2 0.0125 0.5546875 0.025 0.109375
2 0.38203125 0.5234375 0.02890625 0.10546875
2 0.22578125 0.7703125 0.03828125 0.1296875
2 0.13125 0.8171875 0.03984375 0.14921875
2 0.50234375 0.690625 0.03671875 0.10859375
2 0.49609375 0.79609375 0.0328125 0.121875
2 0.53359375 0.69375 0.02734375 0.11328125
2 0.52109375 0.82265625 0.05234375 0.14765625
2 0.709375 0.534375 0.04921875 0.13515625
2 0.65 0.42578125 0.0296875 0.09453125
2 0.70703125 0.42578125 0.034375 0.11015625
2 0.84375 0.3375 0.03671875 0.096875
3 0.41640625 0.23203125 0.02421875 0.08828125
3 0.8671875 0.4203125 0.03984375 0.10859375