3 0.4984375 0.52421875 0.05 0.11953125
0 0.43984375 0.3703125 0.009375 0.0296875
2 0.3125 0.38671875 0.02734375 0.1015625
2 0.4515625 0.3671875 0.02890625 0.08515625
2 0.33828125 0.42265625 0.021875 0.13125
2 0.290625 0.46640625 0.03125 0.11328125
2 0.446875 0.3671875 0.02421875 0.08828125
2 0.5046875 0.371875 0.03828125 0.10546875
2 0.55390625 0.3765625 0.034375 0.1171875
2 0.665625 0.40390625 0.0390625 0.1015625
2 0.7296875 0.51484375 0.02734375 0.1234375
2 0.7609375 0.528125 0.03671875 0.121875
2 0.84375 0.57109375 0.053125 0.15859375
2 0.965625 0.640625 0.03671875 0.178125
2 0.91484375 0.73984375 0.0390625 0.1671875
2 0.45859375 0.48828125 0.0375 0.125
2 0.3875 0.60546875 0.0390625 0.1453125
2 0.35390625 0.59765625 0.03671875 0.1546875