3 0.0703125 0.64453125 0.0375 0.15234375
0 0.51953125 0.421875 0.015625 0.0234375
1 0.51640625 0.42421875 0.02578125 0.0859375
2 0.4890625 0.4390625 0.01015625 0.090625
2 0.48515625 0.45234375 0.02265625 0.06640625
2 0.51328125 0.478125 0.028125 0.1
2 0.54453125 0.484375 0.03359375 0.1203125
2 0.60234375 0.5234375 0.0359375 0.10859375
2 0.3265625 0.5375 0.03203125 0.10859375
2 0.20703125 0.50390625 0.05703125 0.15
2 0.29765625 0.6015625 0.0375 0.14296875
2 0.34921875 0.709375 0.04921875 0.14609375
2 0.39765625 0.79609375 0.05625 0.1703125
2 0.840625 0.6828125 0.03359375 0.18125
2 0.98671875 0.6296875 0.0265625 0.10546875
2 0.0125 0.90390625 0.025 0.1765625