2 0.2296875 0.4796875 0.0296875 0.10625
2 0.23125 0.63046875 0.0421875 0.13046875
2 0.52421875 0.48671875 0.03359375 0.09453125
2 0.56171875 0.4859375 0.04375 0.09921875
2 0.62578125 0.484375 0.03125 0.1
2 0.64765625 0.4046875 0.040625 0.10703125
2 0.803125 0.45859375 0.04609375 0.1390625
2 0.8953125 0.46640625 0.05078125 0.096875
2 0.89609375 0.5609375 0.03828125 0.1234375
2 0.70078125 0.64140625 0.05625 0.128125
2 0.66796875 0.734375 0.03984375 0.15390625
0 0.24921875 0.51484375 0.021875 0.03828125
3 0.32265625 0.34453125 0.034375 0.11328125
3 0.9890625 0.5375 0.021875 0.109375