3 0.590625 0.53828125 0.03203125 0.11953125
0 0.27890625 0.46171875 0.0171875 0.04453125
2 0.2375 0.390625 0.0296875 0.08671875
2 0.26484375 0.46640625 0.025 0.11328125
2 0.36640625 0.46171875 0.0328125 0.09609375
2 0.4546875 0.42734375 0.0375 0.08671875
2 0.61484375 0.35234375 0.021875 0.11484375
2 0.69375 0.38515625 0.0296875 0.10078125
2 0.53046875 0.4671875 0.03828125 0.09921875
2 0.41953125 0.53515625 0.034375 0.12578125
2 0.49609375 0.58359375 0.03125 0.09765625
2 0.0640625 0.903125 0.03984375 0.15859375
2 0.55859375 0.57421875 0.04296875 0.11640625
2 0.709375 0.83515625 0.0453125 0.1609375
2 0.746875 0.5484375 0.034375 0.140625
2 0.846875 0.5203125 0.03984375 0.13125
2 0.94375 0.57421875 0.04296875 0.11328125
2 0.97578125 0.73203125 0.0484375 0.171875
2 0.90703125 0.9375 0.0515625 0.125