0 0.90078125 0.50234375 0.0171875 0.0390625
2 0.88359375 0.44921875 0.03515625 0.1265625
2 0.68671875 0.49609375 0.0453125 0.103125
2 0.5421875 0.44296875 0.03984375 0.11875
2 0.39921875 0.4140625 0.0203125 0.11328125
2 0.4390625 0.4359375 0.0328125 0.09375
2 0.33828125 0.4625 0.03203125 0.13203125
2 0.2921875 0.49765625 0.02890625 0.11484375
2 0.0640625 0.4734375 0.03359375 0.115625
2 0.428125 0.6359375 0.03828125 0.171875
2 0.5015625 0.58359375 0.03828125 0.121875
2 0.87109375 0.65703125 0.0375 0.16015625
2 0.7515625 0.921875 0.05703125 0.15546875
3 0.08125 0.6078125 0.05 0.14296875