2 0.19140625 0.38515625 0.03515625 0.0984375
2 0.04609375 0.41640625 0.03515625 0.11640625
2 0.0296875 0.70859375 0.040625 0.1625
2 0.3296875 0.6171875 0.0484375 0.1546875
2 0.28515625 0.3890625 0.03359375 0.1015625
2 0.45625 0.409375 0.0265625 0.0734375
2 0.45703125 0.48203125 0.03359375 0.08125
2 0.42109375 0.52890625 0.0265625 0.12890625
2 0.56015625 0.4078125 0.0453125 0.109375
2 0.6453125 0.26484375 0.03125 0.0859375
2 0.72578125 0.3078125 0.02578125 0.07578125
2 0.62890625 0.5515625 0.0375 0.10703125
2 0.7546875 0.5296875 0.04609375 0.10859375
2 0.85 0.46015625 0.040625 0.1078125
2 0.89296875 0.4140625 0.028125 0.10390625
2 0.94296875 0.48125 0.025 0.12421875
2 0.8171875 0.56328125 0.03515625 0.12265625
2 0.871875 0.59453125 0.0453125 0.13359375
3 0.72890625 0.48046875 0.05546875 0.13125
3 0.1046875 0.2625 0.02734375 0.0828125
0 0.2328125 0.41953125 0.021875 0.0359375