2 0.684375 0.43828125 0.06171875 0.13671875
2 0.60078125 0.378125 0.04453125 0.109375
2 0.55234375 0.39765625 0.03203125 0.16953125
2 0.3671875 0.51875 0.059375 0.15703125
2 0.2171875 0.390625 0.04140625 0.1046875
2 0.56953125 0.4703125 0.0359375 0.09765625
2 0.584375 0.52109375 0.04140625 0.10546875
2 0.64296875 0.55546875 0.034375 0.09609375
2 0.6203125 0.58828125 0.0203125 0.1
0 0.60703125 0.621875 0.01328125 0.034375
2 0.72890625 0.59296875 0.0453125 0.128125
2 0.70390625 0.66875 0.02578125 0.140625
2 0.00703125 0.44609375 0.0140625 0.1078125
1 0.8734375 0.32734375 0.0453125 0.125
3 0.240625 0.4828125 0.05625 0.16875