3 0.48984375 0.5265625 0.04296875 0.1421875
0 0.29453125 0.228125 0.01875 0.0453125
2 0.1234375 0.54296875 0.0375 0.11484375
2 0.0875 0.528125 0.034375 0.1203125
2 0.25234375 0.3953125 0.0453125 0.125
2 0.3796875 0.40390625 0.04375 0.09609375
2 0.34609375 0.584375 0.04765625 0.12890625
2 0.25390625 0.7140625 0.0546875 0.1703125
2 0.13984375 0.7203125 0.06328125 0.15234375
2 0.04765625 0.6375 0.0578125 0.13359375
2 0.4265625 0.61953125 0.05390625 0.146875
2 0.44296875 0.509375 0.04140625 0.140625
2 0.55703125 0.50390625 0.05546875 0.14453125
2 0.78515625 0.4484375 0.046875 0.10703125
2 0.82890625 0.38203125 0.046875 0.11015625
2 0.778125 0.35703125 0.04375 0.12109375
2 0.9390625 0.41640625 0.0640625 0.1203125
2 0.834375 0.5875 0.05078125 0.1390625
3 0.18125 0.228125 0.03828125 0.078125