3 0.3609375 0.49765625 0.0203125 0.13359375
0 0.43515625 0.55859375 0.02421875 0.04453125
2 0.41484375 0.4453125 0.03125 0.10390625
2 0.44140625 0.4109375 0.03203125 0.08515625
2 0.5015625 0.43515625 0.0484375 0.09765625
2 0.53125 0.4171875 0.0203125 0.109375
2 0.5515625 0.54609375 0.02890625 0.12734375
2 0.7109375 0.49296875 0.0421875 0.15078125
2 0.49296875 0.53984375 0.0359375 0.090625
2 0.3125 0.69296875 0.05859375 0.15703125
2 0.28828125 0.56640625 0.046875 0.1296875
2 0.16796875 0.53125 0.0421875 0.1265625
2 0.21953125 0.43984375 0.04296875 0.15546875
2 0.7 0.8453125 0.06015625 0.20859375
2 0.84375 0.55625 0.0421875 0.17109375
2 0.88828125 0.55078125 0.0546875 0.19296875
2 0.9390625 0.625 0.04140625 0.19453125