2 0.815625 0.4796875 0.01796875 0.12109375
0 0.809375 0.525 0.02109375 0.01796875
3 0.0125 0.47890625 0.025 0.12265625
2 0.26953125 0.234375 0.021875 0.084375
2 0.3265625 0.26328125 0.05 0.1078125
2 0.3515625 0.36796875 0.0484375 0.0953125
2 0.45390625 0.40859375 0.0484375 0.10234375
2 0.425 0.52109375 0.05 0.10546875
2 0.6515625 0.46953125 0.04765625 0.1109375
2 0.89765625 0.35546875 0.0453125 0.10546875
2 0.621875 0.59609375 0.04375 0.1515625
2 0.55390625 0.665625 0.059375 0.1546875
2 0.925 0.8265625 0.0578125 0.17890625
2 0.0953125 0.50390625 0.03984375 0.10859375
2 0.03828125 0.615625 0.01796875 0.1328125