3 0.328125 0.6546875 0.02734375 0.13125
0 0.303125 0.41484375 0.01171875 0.0265625
2 0.40234375 0.42578125 0.02421875 0.1140625
2 0.371875 0.4546875 0.03203125 0.11015625
2 0.5078125 0.59921875 0.0390625 0.125
2 0.35 0.68828125 0.03515625 0.1125
2 0.2640625 0.728125 0.03828125 0.1578125
2 0.5828125 0.571875 0.04296875 0.14609375
2 0.69453125 0.60078125 0.02734375 0.1140625
2 0.7140625 0.6515625 0.02890625 0.1234375
2 0.91328125 0.71953125 0.04296875 0.16171875
1 0.7796875 0.55078125 0.04140625 0.1421875