0 0.5859375 0.3890625 0.0171875 0.03828125
2 0.6109375 0.33828125 0.0234375 0.10078125
2 0.3484375 0.40625 0.0390625 0.115625
2 0.42890625 0.4390625 0.0375 0.1109375
2 0.52578125 0.39609375 0.0265625 0.08515625
2 0.53671875 0.48203125 0.0515625 0.08671875
2 0.690625 0.40703125 0.0375 0.1171875
2 0.79375 0.4203125 0.0265625 0.115625
2 0.85 0.39453125 0.02421875 0.103125
2 0.859375 0.50078125 0.0265625 0.1109375
2 0.9140625 0.6359375 0.03359375 0.16640625
2 0.8921875 0.85234375 0.0390625 0.209375
2 0.35703125 0.75859375 0.0515625 0.17890625
2 0.12890625 0.4296875 0.0265625 0.09921875
2 0.06640625 0.409375 0.0453125 0.1125
3 0.3359375 0.56484375 0.0390625 0.17109375