2 0.253125 0.396875 0.0296875 0.08671875
0 0.2390625 0.44453125 0.02890625 0.03046875
2 0.20234375 0.42578125 0.03203125 0.09765625
2 0.20859375 0.46953125 0.0265625 0.090625
2 0.06484375 0.62265625 0.0265625 0.14453125
2 0.2234375 0.6171875 0.04609375 0.134375
2 0.5390625 0.4390625 0.0375 0.11796875
2 0.325 0.4265625 0.04375 0.10625
2 0.55234375 0.46640625 0.03671875 0.0828125
2 0.778125 0.546875 0.028125 0.1140625
2 0.85 0.44140625 0.02265625 0.1125
2 0.89375 0.453125 0.040625 0.1078125
3 0.3546875 0.275 0.02265625 0.08359375
3 0.86015625 0.49140625 0.02421875 0.11796875