2 0.440625 0.41484375 0.0265625 0.10234375
3 0.44296875 0.578125 0.03125 0.1875
2 0.63984375 0.34453125 0.03671875 0.07890625
2 0.596875 0.43046875 0.03359375 0.10703125
2 0.54765625 0.490625 0.02578125 0.08984375
2 0.54765625 0.54609375 0.02578125 0.0734375
2 0.5234375 0.56640625 0.03828125 0.1
2 0.653125 0.81328125 0.05546875 0.16640625
2 0.78359375 0.41953125 0.0421875 0.1171875
2 0.37890625 0.50859375 0.05078125 0.12890625
2 0.23203125 0.5203125 0.0609375 0.1453125
0 0.5640625 0.425 0.015625 0.03671875
2 0.9703125 0.590625 0.02734375 0.1015625
2 0.990625 0.521875 0.01875 0.090625