0 0.3828125 0.675 0.01875 0.04765625
2 0.29765625 0.54375 0.05078125 0.153125
2 0.3796875 0.44453125 0.04453125 0.10078125
2 0.21796875 0.41328125 0.03046875 0.11484375
2 0.1984375 0.5453125 0.03671875 0.14140625
2 0.478125 0.61953125 0.03984375 0.1203125
2 0.57421875 0.4703125 0.0390625 0.1234375
2 0.56953125 0.36953125 0.03359375 0.08984375
2 0.6546875 0.3984375 0.03359375 0.115625
2 0.66015625 0.559375 0.02890625 0.11640625
2 0.728125 0.50703125 0.04296875 0.15390625
2 0.75703125 0.4984375 0.0296875 0.07734375
2 0.74921875 0.553125 0.04375 0.14765625
3 0.47734375 0.46953125 0.053125 0.13828125