0 0.59375 0.68125 0.03046875 0.05703125
2 0.540625 0.61796875 0.04140625 0.11328125
2 0.51015625 0.55 0.04296875 0.1203125
2 0.60234375 0.4203125 0.03359375 0.10078125
2 0.428125 0.34765625 0.02109375 0.09140625
2 0.425 0.2796875 0.0390625 0.11484375
2 0.2484375 0.4734375 0.04765625 0.103125
2 0.334375 0.49375 0.0546875 0.10859375
2 0.4234375 0.64765625 0.046875 0.08515625
2 0.43203125 0.69921875 0.065625 0.10078125
2 0.71484375 0.83125 0.071875 0.153125
2 0.878125 0.47890625 0.03125 0.09453125
2 0.87421875 0.346875 0.02265625 0.11640625
2 0.77265625 0.26015625 0.0359375 0.08359375
2 0.73984375 0.27421875 0.03515625 0.0890625
2 0.97890625 0.6421875 0.03125 0.14375
2 0.06484375 0.690625 0.06484375 0.18671875
2 0.0515625 0.32109375 0.0671875 0.14765625
3 0.73515625 0.39765625 0.040625 0.11484375