3 0.72890625 0.51484375 0.03828125 0.1328125
0 0.5359375 0.2171875 0.01796875 0.04609375
2 0.3421875 0.41171875 0.0390625 0.1234375
2 0.09609375 0.39453125 0.02734375 0.09296875
2 0.2515625 0.4359375 0.03359375 0.1203125
2 0.30546875 0.53203125 0.03046875 0.128125
2 0.11328125 0.5421875 0.04609375 0.13515625
2 0.35859375 0.6640625 0.03984375 0.14609375
2 0.559375 0.54140625 0.02890625 0.10234375
2 0.51484375 0.42578125 0.0359375 0.09765625
2 0.56953125 0.3875 0.0359375 0.0984375
2 0.48203125 0.40078125 0.0359375 0.09453125
2 0.7328125 0.38828125 0.0296875 0.115625
2 0.78515625 0.4078125 0.046875 0.10390625
3 0.14296875 0.35 0.0375 0.10703125