1 0.04765625 0.32109375 0.03125 0.0921875
2 0.1875 0.8390625 0.05234375 0.16875
2 0.228125 0.53203125 0.02265625 0.1
2 0.24140625 0.52265625 0.0265625 0.0890625
2 0.35078125 0.41796875 0.02265625 0.078125
2 0.4625 0.375 0.01953125 0.096875
2 0.76953125 0.34140625 0.028125 0.0875
2 0.65859375 0.4484375 0.0359375 0.1046875
2 0.5203125 0.50234375 0.05078125 0.115625
2 0.5 0.6015625 0.0453125 0.0921875
2 0.359375 0.61015625 0.0421875 0.12421875
2 0.40078125 0.7015625 0.028125 0.10390625
2 0.49609375 0.6703125 0.02578125 0.10859375
2 0.78515625 0.6125 0.034375 0.125
2 0.77578125 0.43125 0.03984375 0.10234375
2 0.87890625 0.5375 0.03046875 0.1015625
2 0.81171875 0.76875 0.03125 0.11171875
3 0.615625 0.52578125 0.0375 0.1171875
3 0.6109375 0.22109375 0.02265625 0.0796875