0 0.084375 0.5953125 0.0234375 0.04453125
2 0.03359375 0.49765625 0.02734375 0.13359375
2 0.22109375 0.271875 0.02734375 0.09140625
2 0.35078125 0.41875 0.03203125 0.1
2 0.19140625 0.7 0.03359375 0.14453125
2 0.39296875 0.65859375 0.02578125 0.13046875
2 0.4828125 0.52578125 0.0484375 0.13203125
2 0.4609375 0.4140625 0.04921875 0.10625
2 0.575 0.3484375 0.04296875 0.10390625
2 0.58984375 0.534375 0.04375 0.12421875
2 0.50234375 0.771875 0.07109375 0.20078125
2 0.721875 0.60546875 0.04375 0.13046875
2 0.69609375 0.19140625 0.02734375 0.08515625
2 0.84765625 0.2828125 0.0515625 0.1265625
2 0.7890625 0.5546875 0.034375 0.14453125
2 0.9796875 0.4421875 0.025 0.1296875
2 0.96796875 0.3515625 0.02421875 0.0921875
2 0.96171875 0.90625 0.0453125 0.14609375
3 0.74765625 0.43203125 0.04609375 0.134375
3 0.08671875 0.15078125 0.0296875 0.0875