2 0.51328125 0.29453125 0.01640625 0.07890625
0 0.50078125 0.29921875 0.0125 0.0359375
2 0.390625 0.4171875 0.04296875 0.09140625
2 0.3234375 0.45390625 0.0359375 0.1078125
2 0.084375 0.37109375 0.02890625 0.09140625
2 0.0625 0.51171875 0.03203125 0.10234375
2 0.034375 0.63125 0.040625 0.1265625
2 0.2828125 0.571875 0.03515625 0.10859375
2 0.44140625 0.56953125 0.0296875 0.10859375
2 0.55390625 0.5 0.028125 0.08046875
2 0.825 0.37890625 0.0328125 0.1125
2 0.89609375 0.5140625 0.03984375 0.121875
2 0.91484375 0.54921875 0.034375 0.11171875
2 0.8234375 0.54453125 0.04765625 0.121875
2 0.5296875 0.63046875 0.040625 0.11015625
2 0.3671875 0.73203125 0.0515625 0.14375
2 0.2609375 0.77734375 0.059375 0.140625
2 0.48359375 0.95703125 0.040625 0.0859375
3 0.50625 0.5234375 0.04296875 0.13359375
3 0.109375 0.25703125 0.028125 0.0875