3 0.21015625 0.39375 0.05234375 0.11640625
1 0.8703125 0.37890625 0.034375 0.09453125
0 0.5734375 0.534375 0.021875 0.04453125
2 0.54609375 0.23359375 0.05625 0.0640625
2 0.60703125 0.26796875 0.03984375 0.0953125
2 0.70078125 0.28515625 0.0421875 0.11015625
2 0.76796875 0.30078125 0.028125 0.09921875
2 0.81640625 0.328125 0.03203125 0.09921875
2 0.7734375 0.3515625 0.03203125 0.08671875
2 0.83984375 0.425 0.03125 0.12109375
2 0.8765625 0.43984375 0.0359375 0.1125
2 0.728125 0.65390625 0.0640625 0.14609375
2 0.4671875 0.47578125 0.05234375 0.11640625
2 0.4171875 0.36640625 0.02890625 0.11171875
2 0.29296875 0.34453125 0.03828125 0.11328125
2 0.06875 0.33984375 0.03671875 0.11640625
2 0.15625 0.234375 0.03515625 0.08984375
2 0.1921875 0.51484375 0.05078125 0.11640625