0 0.77265625 0.6 0.02109375 0.04921875
3 0.03515625 0.559375 0.03984375 0.134375
3 0.09140625 0.16875 0.02265625 0.0609375
2 0.0171875 0.31484375 0.0234375 0.084375
2 0.20390625 0.315625 0.03515625 0.09921875
2 0.33984375 0.365625 0.03125 0.09375
2 0.50078125 0.27734375 0.03359375 0.0734375
2 0.440625 0.421875 0.0390625 0.10625
2 0.4015625 0.6734375 0.03984375 0.13984375
2 0.2328125 0.6171875 0.0359375 0.1640625
2 0.10703125 0.5234375 0.03515625 0.1125
2 0.15078125 0.68046875 0.05 0.159375
2 0.29765625 0.71875 0.053125 0.1703125
2 0.1875 0.86796875 0.06796875 0.190625
2 0.81015625 0.66875 0.0546875 0.140625
2 0.82265625 0.4265625 0.02421875 0.08125