3 0.34375 0.31328125 0.03125 0.1171875
3 0.7734375 0.49765625 0.034375 0.10234375
0 0.38828125 0.4640625 0.01015625 0.034375
2 0.30625 0.4296875 0.03515625 0.11171875
2 0.0734375 0.5234375 0.03515625 0.12109375
2 0.015625 0.6609375 0.03125 0.1125
2 0.47109375 0.60625 0.04375 0.134375
2 0.5203125 0.48828125 0.02421875 0.0828125
2 0.54921875 0.4265625 0.034375 0.09375
2 0.6796875 0.33203125 0.0296875 0.0859375
2 0.69375 0.40859375 0.0375 0.0875
2 0.73671875 0.46015625 0.03515625 0.1078125
2 0.83203125 0.44375 0.0359375 0.0953125
2 0.965625 0.41953125 0.0375 0.09609375
2 0.89453125 0.62578125 0.04296875 0.128125
2 0.83984375 0.68359375 0.040625 0.128125
2 0.70390625 0.67890625 0.03359375 0.16171875