2 0.24375 0.4 0.04296875 0.10390625
2 0.3203125 0.42421875 0.02734375 0.10703125
2 0.334375 0.52890625 0.03046875 0.11640625
2 0.31953125 0.609375 0.03984375 0.11328125
2 0.121875 0.4515625 0.0328125 0.11015625
2 0.071875 0.7921875 0.04375 0.15078125
2 0.621875 0.60234375 0.02265625 0.12421875
2 0.6609375 0.53203125 0.03125 0.11875
2 0.74296875 0.50078125 0.034375 0.1109375
2 0.87734375 0.36640625 0.0203125 0.07734375
2 0.8390625 0.39375 0.01640625 0.0890625
2 0.86875 0.43515625 0.04140625 0.09609375
2 0.83359375 0.43046875 0.021875 0.0859375
2 0.6515625 0.71015625 0.0390625 0.1578125
2 0.83828125 0.909375 0.0625 0.18046875
3 0.1484375 0.21484375 0.02734375 0.078125
3 0.46328125 0.5140625 0.0359375 0.134375
0 0.28203125 0.328125 0.028125 0.05625