2 0.528125 0.41640625 0.03515625 0.1171875
2 0.29765625 0.51484375 0.04609375 0.13203125
2 0.24609375 0.36484375 0.0453125 0.1109375
2 0.071875 0.4921875 0.03359375 0.11640625
2 0.0671875 0.66328125 0.0515625 0.1046875
2 0.0125 0.6484375 0.025 0.13125
2 0.1671875 0.75234375 0.04765625 0.16015625
2 0.3953125 0.59609375 0.0265625 0.10078125
2 0.4703125 0.6015625 0.04921875 0.128125
2 0.40859375 0.54921875 0.0453125 0.115625
2 0.6078125 0.70234375 0.04609375 0.13671875
2 0.6453125 0.50703125 0.04140625 0.11796875
2 0.65703125 0.421875 0.03671875 0.096875
2 0.81796875 0.41953125 0.03125 0.11171875
2 0.8375 0.40703125 0.03046875 0.10546875
2 0.8921875 0.44765625 0.03125 0.103125
2 0.9484375 0.6609375 0.0359375 0.140625
2 0.84453125 0.49609375 0.0234375 0.103125
2 0.871875 0.4984375 0.0296875 0.10703125
2 0.76171875 0.84140625 0.04453125 0.16484375
0 0.37890625 0.67578125 0.0171875 0.04375
3 0.103125 0.26015625 0.02421875 0.07578125
3 0.59453125 0.4953125 0.0375 0.1140625