2 0.28984375 0.5421875 0.04140625 0.1296875
0 0.3234375 0.5828125 0.01953125 0.05703125
2 0.1078125 0.33984375 0.040625 0.10625
2 0.21484375 0.41171875 0.03125 0.1265625
2 0.33515625 0.278125 0.04453125 0.10625
2 0.3625 0.36328125 0.0359375 0.09609375
2 0.43828125 0.47734375 0.0390625 0.10703125
2 0.36796875 0.55859375 0.04296875 0.1203125
2 0.39140625 0.796875 0.0640625 0.15
2 0.48984375 0.46953125 0.0375 0.134375
2 0.5421875 0.31484375 0.025 0.0953125
2 0.59765625 0.30234375 0.0265625 0.09296875
2 0.6890625 0.24453125 0.0328125 0.08203125
2 0.6046875 0.4546875 0.04453125 0.134375
3 0.58984375 0.38515625 0.02265625 0.07890625
2 0.70625 0.4015625 0.04921875 0.10390625
2 0.75546875 0.27734375 0.0421875 0.10390625
2 0.89140625 0.3390625 0.02265625 0.07734375
2 0.8984375 0.38671875 0.04296875 0.109375
2 0.96953125 0.46015625 0.03203125 0.15078125
2 0.85390625 0.52265625 0.0265625 0.09140625
2 0.778125 0.5 0.03046875 0.125