0 0.32265625 0.5953125 0.02734375 0.0390625
3 0.48359375 0.63203125 0.04609375 0.1640625
2 0.37734375 0.50703125 0.0328125 0.09296875
2 0.27578125 0.4796875 0.0296875 0.09375
2 0.4171875 0.44609375 0.03515625 0.090625
2 0.2828125 0.55078125 0.03046875 0.08203125
2 0.109375 0.4921875 0.0546875 0.13203125
2 0.009375 0.5078125 0.01796875 0.1265625
2 0.50625 0.5609375 0.0453125 0.0921875
2 0.56171875 0.5546875 0.03046875 0.1046875
2 0.61015625 0.584375 0.03125 0.10859375
2 0.6171875 0.49765625 0.0359375 0.096875
2 0.65078125 0.50234375 0.028125 0.090625
2 0.69375 0.54765625 0.0390625 0.12109375
2 0.76171875 0.45 0.0359375 0.10078125
2 0.9625 0.6453125 0.0265625 0.1265625
2 0.98359375 0.82421875 0.0328125 0.1671875
2 0.8640625 0.86328125 0.04375 0.18671875