0 0.66171875 0.74375 0.02578125 0.065625
3 0.64375 0.19453125 0.028125 0.06953125
3 0.58203125 0.4296875 0.0375 0.096875
2 0.571875 0.34296875 0.03671875 0.10625
2 0.5171875 0.346875 0.03359375 0.09296875
2 0.48984375 0.4328125 0.0328125 0.11796875
2 0.37734375 0.41171875 0.046875 0.12265625
2 0.3265625 0.57578125 0.0484375 0.1375
2 0.265625 0.53359375 0.03515625 0.14296875
2 0.14765625 0.62890625 0.040625 0.11953125
2 0.1328125 0.74765625 0.04296875 0.15390625
2 0.559375 0.67890625 0.05625 0.13515625
2 0.62734375 0.69453125 0.05390625 0.134375
2 0.68984375 0.53125 0.05 0.13359375
2 0.5640625 0.52109375 0.0390625 0.0984375
2 0.7234375 0.42734375 0.04375 0.128125
2 0.87421875 0.2953125 0.0484375 0.10390625
2 0.959375 0.6625 0.0453125 0.17109375
2 0.57421875 0.4828125 0.028125 0.084375