2 0.60390625 0.3796875 0.03125 0.103125
2 0.63359375 0.48984375 0.0390625 0.13359375
2 0.87578125 0.4328125 0.0453125 0.14140625
2 0.484375 0.3890625 0.04375 0.1171875
0 0.64453125 0.41484375 0.01640625 0.0265625
3 0.0390625 0.2390625 0.028125 0.11015625
3 0.77109375 0.5328125 0.046875 0.1359375
2 0.34921875 0.47109375 0.03515625 0.09921875
2 0.19453125 0.40859375 0.04453125 0.1359375
2 0.3921875 0.49765625 0.03828125 0.10625
2 0.1390625 0.73203125 0.0578125 0.1921875
2 0.01015625 0.49765625 0.0203125 0.11484375
2 0.99140625 0.48984375 0.0171875 0.1546875