0 0.16953125 0.42890625 0.02109375 0.03984375
3 0.10078125 0.27734375 0.02421875 0.0828125
3 0.66015625 0.46875 0.02109375 0.10703125
2 0.74609375 0.35625 0.02734375 0.09453125
2 0.6734375 0.31953125 0.03359375 0.0921875
2 0.57109375 0.396875 0.015625 0.07734375
2 0.5828125 0.40625 0.021875 0.0734375
2 0.86171875 0.49296875 0.025 0.1328125
2 0.9125 0.471875 0.03203125 0.1125
2 0.97734375 0.61328125 0.0390625 0.15078125
2 0.58515625 0.53828125 0.01875 0.11953125
2 0.43515625 0.55703125 0.03515625 0.10234375
2 0.44453125 0.640625 0.04140625 0.12265625
2 0.3609375 0.434375 0.015625 0.09375
2 0.30390625 0.3828125 0.01875 0.10859375
2 0.1796875 0.38046875 0.0328125 0.0921875
2 0.08125 0.50390625 0.03671875 0.1203125
2 0.03125 0.678125 0.0625 0.15