3 0.78671875 0.4953125 0.0375 0.1375
3 0.07734375 0.29921875 0.02578125 0.07265625
2 0.31875 0.3671875 0.01875 0.08125
2 0.33203125 0.34453125 0.0171875 0.05546875
2 0.33984375 0.665625 0.0421875 0.15234375
2 0.51640625 0.60078125 0.03203125 0.12109375
2 0.40546875 0.41171875 0.03359375 0.078125
2 0.43203125 0.4171875 0.02578125 0.0765625
2 0.51328125 0.39296875 0.025 0.084375
2 0.5765625 0.396875 0.0265625 0.10703125
2 0.765625 0.34921875 0.0390625 0.11796875
2 0.83828125 0.3609375 0.03125 0.09765625
2 0.75703125 0.58203125 0.0515625 0.14375
2 0.93046875 0.85 0.053125 0.20234375