3 0.27109375 0.48203125 0.0390625 0.12578125
3 0.10703125 0.29453125 0.034375 0.09140625
0 0.5859375 0.3546875 0.015625 0.03125
2 0.5765625 0.340625 0.01796875 0.0890625
2 0.4375 0.3109375 0.02734375 0.08203125
2 0.27734375 0.33125 0.02734375 0.08984375
2 0.3015625 0.43671875 0.0234375 0.0828125
2 0.4890625 0.359375 0.03125 0.0953125
2 0.6 0.42734375 0.025 0.11328125
2 0.48203125 0.56640625 0.0375 0.1453125
2 0.66015625 0.51953125 0.0375 0.15
2 0.75625 0.49375 0.04140625 0.1375
2 0.91640625 0.371875 0.03359375 0.1125
2 0.97734375 0.603125 0.0453125 0.15078125
2 0.67578125 0.73046875 0.0484375 0.14609375
2 0.2359375 0.7296875 0.05234375 0.1609375
2 0.08515625 0.66796875 0.03359375 0.13515625
2 0.034375 0.5515625 0.02890625 0.13828125
2 0.04375 0.4453125 0.0328125 0.146875