3 0.4046875 0.26171875 0.02421875 0.071875
0 0.1875 0.50390625 0.01953125 0.04453125
2 0.17578125 0.46171875 0.025 0.1109375
2 0.3515625 0.38125 0.03203125 0.1015625
2 0.11796875 0.58046875 0.03125 0.11640625
2 0.6078125 0.5859375 0.0359375 0.12109375
2 0.56953125 0.4640625 0.03125 0.1
2 0.61875 0.42734375 0.02265625 0.06484375
2 0.665625 0.365625 0.03125 0.09375
2 0.60078125 0.31015625 0.02890625 0.08984375
2 0.79609375 0.41015625 0.0296875 0.09609375
2 0.77578125 0.43359375 0.02109375 0.0890625
2 0.92421875 0.496875 0.05078125 0.128125
2 0.91484375 0.60703125 0.0390625 0.128125
2 0.8171875 0.61796875 0.04453125 0.14453125
2 0.68984375 0.5484375 0.02890625 0.13203125
3 0.61875 0.4765625 0.0359375 0.11796875