3 0.74375 0.42578125 0.04140625 0.1046875
2 0.428125 0.5046875 0.0328125 0.11875
2 0.25859375 0.32578125 0.04453125 0.11953125
2 0.11953125 0.46640625 0.059375 0.14375
2 0.125 0.6609375 0.06171875 0.14296875
2 0.28125 0.63671875 0.0578125 0.14296875
2 0.3703125 0.58671875 0.06171875 0.12578125
2 0.5828125 0.40078125 0.06484375 0.1359375
2 0.671875 0.3296875 0.0390625 0.1046875
2 0.51640625 0.73671875 0.04375 0.1734375
2 0.57265625 0.7421875 0.0515625 0.1203125
2 0.7765625 0.74296875 0.0453125 0.15546875
2 0.7875 0.46953125 0.0390625 0.1234375
0 0.4921875 0.7484375 0.01328125 0.04375
2 0.9671875 0.5765625 0.04453125 0.14140625
2 0.9359375 0.64375 0.03828125 0.1203125
2 0.7328125 0.84921875 0.05625 0.14296875
2 0.9765625 0.30390625 0.03125 0.11796875