0 0.85078125 0.79296875 0.01875 0.04609375
1 0.0765625 0.3390625 0.03359375 0.09921875
3 0.75 0.20546875 0.02421875 0.07265625
3 0.7015625 0.4859375 0.03125 0.1171875
2 0.184375 0.61796875 0.04453125 0.140625
2 0.1015625 0.68671875 0.03203125 0.13671875
2 0.35859375 0.528125 0.04140625 0.1171875
2 0.43046875 0.4515625 0.0296875 0.128125
2 0.4796875 0.48984375 0.0390625 0.11328125
2 0.67109375 0.6171875 0.02578125 0.14609375
2 0.80078125 0.60859375 0.053125 0.09609375
2 0.84375 0.43828125 0.02578125 0.11484375
2 0.9 0.31484375 0.03046875 0.1140625
2 0.70078125 0.3984375 0.03046875 0.08671875
2 0.6921875 0.315625 0.03046875 0.10625
2 0.65390625 0.31640625 0.01640625 0.0984375
2 0.63203125 0.32734375 0.0140625 0.0765625
2 0.6125 0.33203125 0.01484375 0.07890625
2 0.575 0.3578125 0.021875 0.1
2 0.5890625 0.40703125 0.015625 0.08125
2 0.5265625 0.3984375 0.02734375 0.0953125
2 0.5578125 0.42421875 0.025 0.09609375