2 0.52265625 0.4328125 0.04453125 0.1328125
2 0.59921875 0.42265625 0.0375 0.10546875
0 0.5671875 0.4484375 0.02265625 0.04921875
2 0.709375 0.4265625 0.0453125 0.11171875
2 0.59296875 0.50078125 0.04921875 0.12109375
2 0.74765625 0.5 0.04375 0.128125
2 0.84296875 0.5875 0.0515625 0.1421875
2 0.528125 0.77265625 0.07109375 0.15390625
2 0.41796875 0.5453125 0.053125 0.171875
2 0.36015625 0.41875 0.05859375 0.15390625
2 0.2890625 0.4171875 0.0546875 0.16328125
2 0.3484375 0.578125 0.0546875 0.1296875
2 0.08984375 0.5265625 0.04453125 0.1546875
2 0.03671875 0.52734375 0.04140625 0.140625
3 0.45 0.6046875 0.05703125 0.14921875
3 0.1625 0.37265625 0.046875 0.125
2 0.89765625 0.9078125 0.0859375 0.184375