3 0.4359375 0.57578125 0.034375 0.109375
3 0.040625 0.31953125 0.0328125 0.08046875
0 0.44609375 0.515625 0.03125 0.04609375
2 0.43828125 0.43515625 0.0421875 0.11875
2 0.39375 0.4046875 0.03359375 0.115625
2 0.35234375 0.4765625 0.04140625 0.1078125
2 0.2171875 0.415625 0.04921875 0.134375
2 0.028125 0.43671875 0.040625 0.11328125
2 0.2265625 0.653125 0.0609375 0.128125
2 0.48359375 0.53125 0.0421875 0.1140625
2 0.5171875 0.37421875 0.04375 0.115625
2 0.65703125 0.40625 0.034375 0.11015625
2 0.68203125 0.4359375 0.05 0.10234375
2 0.8171875 0.4796875 0.03515625 0.10859375
2 0.8015625 0.5875 0.0515625 0.1703125