0 0.63515625 0.53359375 0.015625 0.025
3 0.28515625 0.5390625 0.0203125 0.09921875
3 0.075 0.296875 0.0296875 0.0640625
2 0.11953125 0.4078125 0.040625 0.0890625
2 0.22265625 0.44375 0.0359375 0.08671875
2 0.2671875 0.47578125 0.0359375 0.07109375
2 0.19140625 0.5421875 0.0421875 0.0953125
2 0.25859375 0.5859375 0.03203125 0.09921875
2 0.31484375 0.68515625 0.03828125 0.13125
2 0.39375 0.596875 0.040625 0.1203125
2 0.36171875 0.45078125 0.025 0.08671875
2 0.5296875 0.45234375 0.03203125 0.07578125
2 0.4328125 0.40234375 0.02265625 0.06953125
2 0.40390625 0.41171875 0.021875 0.10078125
2 0.53515625 0.559375 0.03359375 0.1203125
2 0.6515625 0.515625 0.0328125 0.10234375
2 0.70390625 0.38671875 0.03203125 0.09765625
2 0.8875 0.4203125 0.034375 0.11328125
2 0.81796875 0.79609375 0.0578125 0.1515625