3 0.28828125 0.5734375 0.0234375 0.11484375
0 0.55546875 0.5875 0.02109375 0.0359375
1 0.84921875 0.409375 0.0296875 0.09140625
2 0.640625 0.48203125 0.040625 0.13671875
2 0.3640625 0.38984375 0.03203125 0.103125
2 0.571875 0.57734375 0.0328125 0.1140625
2 0.521875 0.675 0.04921875 0.07578125
2 0.43671875 0.57734375 0.03359375 0.10703125
2 0.45625 0.62578125 0.02890625 0.10390625
2 0.75625 0.56640625 0.04140625 0.1296875
2 0.86171875 0.71796875 0.04375 0.14765625
2 0.9578125 0.6421875 0.0296875 0.146875
2 0.3453125 0.5046875 0.01796875 0.0828125
2 0.33046875 0.51640625 0.02421875 0.08359375
2 0.309375 0.640625 0.03828125 0.09765625
2 0.05390625 0.64296875 0.0359375 0.11484375
2 0.00703125 0.5484375 0.0140625 0.084375
2 0.17734375 0.7640625 0.03671875 0.13125
2 0.21953125 0.8390625 0.0546875 0.15078125
2 0.0609375 0.82109375 0.05546875 0.13203125