1 0.1359375 0.3578125 0.0546875 0.15
3 0.76953125 0.18125 0.03046875 0.08046875
2 0.2390625 0.48984375 0.03515625 0.15859375
2 0.4828125 0.34609375 0.0328125 0.121875
2 0.68515625 0.28046875 0.03515625 0.11640625
2 0.59609375 0.3921875 0.0515625 0.146875
2 0.8265625 0.45234375 0.0421875 0.12734375
2 0.88359375 0.59765625 0.046875 0.13671875
2 0.77578125 0.4984375 0.03671875 0.13125
2 0.39609375 0.60625 0.05078125 0.1796875
2 0.20390625 0.79921875 0.05625 0.1875
0 0.2640625 0.528125 0.01953125 0.05390625