1 0.7546875 0.384375 0.0359375 0.10546875
3 0.0765625 0.534375 0.03046875 0.09921875
0 0.990625 0.55234375 0.01875 0.0421875
2 0.22421875 0.35 0.03203125 0.09453125
2 0.26640625 0.35625 0.028125 0.10390625
2 0.04921875 0.47265625 0.0328125 0.1078125
2 0.09921875 0.5 0.0296875 0.1109375
2 0.4578125 0.44140625 0.0171875 0.12421875
2 0.47265625 0.40703125 0.028125 0.08125
2 0.71953125 0.5875 0.0484375 0.14453125
2 0.8796875 0.5671875 0.05078125 0.1484375
2 0.5359375 0.58046875 0.0265625 0.11875
2 0.50703125 0.61875 0.034375 0.10390625
2 0.4921875 0.75546875 0.0484375 0.165625
2 0.45390625 0.8265625 0.046875 0.16953125