2 0.21015625 0.67109375 0.04921875 0.165625
2 0.21953125 0.4796875 0.03203125 0.1140625
2 0.1921875 0.43515625 0.02578125 0.10703125
2 0.33359375 0.41171875 0.05 0.12265625
2 0.4546875 0.4234375 0.0609375 0.1203125
2 0.3828125 0.5234375 0.0375 0.14296875
2 0.50546875 0.53203125 0.05234375 0.12265625
2 0.62890625 0.68046875 0.0484375 0.17421875
2 0.68515625 0.62734375 0.046875 0.13671875
2 0.7046875 0.49765625 0.034375 0.11171875
2 0.67734375 0.46796875 0.0375 0.11640625
2 0.778125 0.4171875 0.0359375 0.09765625
2 0.803125 0.38828125 0.03671875 0.1125
3 0.3015625 0.2609375 0.0375 0.103125
3 0.9109375 0.46484375 0.0328125 0.13203125
0 0.25 0.690625 0.02421875 0.06015625