2 0.6140625 0.66484375 0.034375 0.1296875
2 0.6734375 0.6546875 0.04375 0.1171875
2 0.58828125 0.7421875 0.05546875 0.1484375
2 0.92421875 0.5765625 0.0375 0.1359375
2 0.746875 0.45 0.03359375 0.0921875
2 0.7453125 0.37734375 0.028125 0.10625
2 0.52265625 0.27890625 0.02421875 0.07890625
2 0.44375 0.32265625 0.04453125 0.09765625
2 0.45390625 0.4578125 0.04609375 0.13359375
2 0.37734375 0.4578125 0.05 0.14296875
2 0.18515625 0.35078125 0.03046875 0.1234375
2 0.10703125 0.55859375 0.03984375 0.1296875
2 0.209375 0.62734375 0.03984375 0.121875
2 0.16796875 0.69140625 0.03828125 0.128125
2 0.203125 0.71328125 0.0359375 0.13515625
0 0.66015625 0.746875 0.02421875 0.05
3 0.18125 0.49296875 0.05078125 0.13984375