0 0.74453125 0.3984375 0.02265625 0.04140625
3 0.6546875 0.3046875 0.03125 0.0796875
2 0.69609375 0.40078125 0.03046875 0.0875
2 0.91953125 0.38359375 0.0421875 0.10078125
2 0.80625 0.47265625 0.03984375 0.09921875
2 0.653125 0.5 0.02265625 0.0796875
2 0.6203125 0.515625 0.0375 0.08203125
2 0.71953125 0.64140625 0.0421875 0.11640625
2 0.95703125 0.68828125 0.05 0.159375
2 0.5421875 0.50078125 0.03515625 0.1109375
2 0.565625 0.55234375 0.0296875 0.1
2 0.4578125 0.4640625 0.03125 0.1125
2 0.39921875 0.54453125 0.021875 0.06953125
2 0.39453125 0.59140625 0.025 0.10546875
2 0.33046875 0.484375 0.0296875 0.08046875
2 0.33515625 0.56015625 0.03359375 0.09140625
2 0.265625 0.53984375 0.025 0.09765625
2 0.19375 0.53046875 0.0390625 0.121875
2 0.2671875 0.50234375 0.028125 0.08515625
2 0.371875 0.81484375 0.04765625 0.1625
1 0.075 0.42734375 0.0359375 0.10703125
3 0.4765625 0.59453125 0.059375 0.13359375