3 0.32421875 0.18671875 0.0171875 0.07578125
3 0.30078125 0.43671875 0.021875 0.0828125
2 0.34921875 0.2484375 0.03046875 0.0734375
2 0.46796875 0.3 0.03515625 0.11015625
2 0.70703125 0.29296875 0.02890625 0.0859375
2 0.5265625 0.44453125 0.02890625 0.11171875
2 0.409375 0.4234375 0.0234375 0.090625
2 0.32890625 0.39375 0.025 0.0890625
2 0.4734375 0.525 0.04296875 0.12421875
2 0.35703125 0.5203125 0.028125 0.11640625
2 0.325 0.55 0.03828125 0.1046875
2 0.34609375 0.61328125 0.04921875 0.125
2 0.53671875 0.728125 0.05859375 0.14296875
2 0.76796875 0.428125 0.0328125 0.11875
2 0.6546875 0.46796875 0.02890625 0.11640625
2 0.93828125 0.38125 0.04375 0.1265625
2 0.16171875 0.36484375 0.04140625 0.10859375
2 0.1125 0.4484375 0.03515625 0.10703125
2 0.04453125 0.51953125 0.0296875 0.13515625
2 0.05703125 0.609375 0.04609375 0.13203125