2 0.6609375 0.35390625 0.02578125 0.1296875
0 0.6359375 0.38828125 0.02265625 0.046875
2 0.5109375 0.4046875 0.03828125 0.11015625
2 0.16171875 0.3453125 0.02578125 0.0953125
2 0.19609375 0.35703125 0.028125 0.0875
2 0.2828125 0.421875 0.0328125 0.11875
2 0.39296875 0.43828125 0.03984375 0.11640625
2 0.309375 0.5546875 0.0375 0.125
2 0.47109375 0.49921875 0.03984375 0.11796875
2 0.57421875 0.859375 0.05625 0.1734375
2 0.03046875 0.49140625 0.03359375 0.10234375
2 0.046875 0.58046875 0.03203125 0.1140625
3 0.1015625 0.54140625 0.04296875 0.140625