3 0.46953125 0.27578125 0.021875 0.0859375
3 0.9953125 0.5421875 0.00859375 0.10703125
2 0.34375 0.396875 0.02265625 0.09921875
2 0.4890625 0.34296875 0.03125 0.0703125
2 0.628125 0.37890625 0.0328125 0.09765625
2 0.525 0.45625 0.0421875 0.11953125
2 0.4125 0.48125 0.034375 0.11171875
2 0.58984375 0.5109375 0.0578125 0.11328125
2 0.50078125 0.71171875 0.040625 0.15625
2 0.38125 0.8125 0.05625 0.1609375
2 0.8109375 0.59921875 0.06015625 0.13359375
2 0.84921875 0.665625 0.03046875 0.121875
2 0.89453125 0.4625 0.028125 0.11640625
2 0.94296875 0.48046875 0.05546875 0.140625
0 0.33203125 0.4296875 0.0140625 0.0359375