0 0.37890625 0.55390625 0.0171875 0.03515625
2 0.36875 0.5421875 0.02578125 0.1046875
1 0.10859375 0.33359375 0.01953125 0.0796875
2 0.17734375 0.67109375 0.025 0.11484375
2 0.3203125 0.66796875 0.05 0.1265625
2 0.43984375 0.55078125 0.034375 0.10234375
2 0.434375 0.44140625 0.02890625 0.09765625
2 0.50859375 0.39765625 0.034375 0.08515625
2 0.56484375 0.453125 0.04296875 0.09453125
2 0.73828125 0.3453125 0.04453125 0.11328125
2 0.703125 0.4640625 0.03125 0.125
2 0.5703125 0.59375 0.02890625 0.08125
2 0.621875 0.66953125 0.03515625 0.13203125
2 0.58125 0.76640625 0.0359375 0.1390625
2 0.6671875 0.66796875 0.03046875 0.1109375
2 0.78828125 0.5484375 0.03515625 0.128125
2 0.83515625 0.4265625 0.0296875 0.10625
2 0.84921875 0.6015625 0.04140625 0.09765625
2 0.990625 0.346875 0.01875 0.078125
3 0.575 0.5078125 0.03671875 0.09140625
3 0.7078125 0.23203125 0.02265625 0.0859375