0 0.49375 0.75390625 0.03046875 0.0484375
3 0.76640625 0.403125 0.034375 0.1140625
2 0.54140625 0.6875 0.05390625 0.1453125
2 0.0765625 0.67890625 0.0328125 0.15078125
2 0.1015625 0.5296875 0.02421875 0.1328125
2 0.1265625 0.34140625 0.02421875 0.0671875
2 0.3875 0.22734375 0.02421875 0.10390625
2 0.45390625 0.321875 0.01875 0.084375
2 0.6390625 0.259375 0.025 0.1125
2 0.425 0.39140625 0.03828125 0.10078125
2 0.65234375 0.39453125 0.03515625 0.12109375
2 0.87421875 0.3140625 0.03125 0.1390625
2 0.91796875 0.3625 0.040625 0.13984375
2 0.665625 0.51171875 0.02578125 0.1328125
2 0.615625 0.53515625 0.0234375 0.13671875
2 0.62421875 0.6859375 0.0453125 0.1375