2 0.5609375 0.38125 0.0359375 0.09921875
2 0.51796875 0.36640625 0.03359375 0.0953125
2 0.29453125 0.41015625 0.03125 0.10546875
2 0.26171875 0.4296875 0.0328125 0.1296875
2 0.3609375 0.70078125 0.04453125 0.1328125
2 0.48671875 0.79453125 0.06015625 0.16484375
2 0.6375 0.90390625 0.0421875 0.14765625
2 0.8640625 0.6390625 0.03984375 0.1296875
2 0.85 0.51796875 0.03984375 0.1296875
2 0.76640625 0.4578125 0.03671875 0.10078125
2 0.9734375 0.35390625 0.028125 0.1078125
0 0.64765625 0.9375 0.03125 0.065625
2 0.08828125 0.75703125 0.03671875 0.16640625
2 0.20859375 0.63828125 0.05 0.14609375
2 0.14609375 0.6171875 0.0515625 0.14609375
2 0.01875 0.58203125 0.0375 0.1265625
1 0.03984375 0.31640625 0.0375 0.11328125
3 0.5265625 0.55 0.03828125 0.1171875
3 0.615625 0.18515625 0.01953125 0.06328125