3 0.57578125 0.53828125 0.04375 0.08828125
3 0.77890625 0.27578125 0.028125 0.08671875
1 0.0984375 0.39609375 0.04609375 0.10859375
2 0.2234375 0.6015625 0.0390625 0.128125
2 0.275 0.67109375 0.03359375 0.13515625
2 0.1359375 0.8453125 0.0546875 0.190625
2 0.37421875 0.5359375 0.0390625 0.09296875
2 0.365625 0.503125 0.0390625 0.09765625
2 0.44375 0.49140625 0.04375 0.11875
2 0.54453125 0.44453125 0.0359375 0.115625
2 0.7046875 0.390625 0.04140625 0.11171875
2 0.621875 0.4625 0.03828125 0.10390625
2 0.48359375 0.57109375 0.04296875 0.12265625
2 0.52734375 0.640625 0.0296875 0.14453125
2 0.7 0.521875 0.0171875 0.084375
2 0.79296875 0.6046875 0.034375 0.11328125
2 0.86015625 0.72421875 0.05234375 0.15625
2 0.70625 0.48671875 0.0265625 0.0703125
2 0.665625 0.65078125 0.03125 0.1359375
2 0.71484375 0.70859375 0.05625 0.15703125
0 0.77578125 0.63046875 0.02421875 0.05234375