0 0.23203125 0.521875 0.0203125 0.04921875
3 0.2390625 0.26953125 0.028125 0.0859375
3 0.83359375 0.4625 0.03203125 0.1125
2 0.2234375 0.4625 0.02421875 0.0890625
2 0.08046875 0.60625 0.0375 0.12734375
2 0.44609375 0.3640625 0.0265625 0.09453125
2 0.5015625 0.4734375 0.0359375 0.09921875
2 0.521875 0.4015625 0.034375 0.09140625
2 0.54140625 0.33046875 0.0296875 0.08828125
2 0.534375 0.4703125 0.034375 0.09765625
2 0.57734375 0.54765625 0.03671875 0.13046875
2 0.76328125 0.378125 0.0203125 0.10234375
2 0.77578125 0.41015625 0.0296875 0.075
2 0.7859375 0.465625 0.0578125 0.08828125
2 0.8484375 0.5125 0.04140625 0.0953125
2 0.93515625 0.3640625 0.0453125 0.11953125
2 0.84921875 0.696875 0.0515625 0.15390625