0 0.29921875 0.6203125 0.02734375 0.0546875
3 0.35703125 0.45625 0.02890625 0.0890625
1 0.9890625 0.390625 0.021875 0.0875
2 0.0484375 0.44375 0.03203125 0.11328125
2 0.2828125 0.6 0.021875 0.12890625
2 0.3703125 0.4390625 0.0296875 0.09609375
2 0.4859375 0.4578125 0.02578125 0.11328125
2 0.540625 0.409375 0.03671875 0.10390625
2 0.57421875 0.40859375 0.028125 0.084375
2 0.61171875 0.43828125 0.0453125 0.11875
2 0.65390625 0.47109375 0.01796875 0.1078125
2 0.6703125 0.475 0.021875 0.10625
2 0.71796875 0.565625 0.0328125 0.11875
2 0.80078125 0.57109375 0.03359375 0.14296875
2 0.884375 0.71015625 0.075 0.18125
2 0.74296875 0.665625 0.03125 0.15234375
2 0.5765625 0.5375 0.05 0.1328125
2 0.45625 0.6 0.034375 0.16796875
2 0.32734375 0.83671875 0.05625 0.209375
2 0.61015625 0.86328125 0.0703125 0.20859375