0 0.86328125 0.81484375 0.025 0.0359375
2 0.8875 0.50625 0.04296875 0.121875
2 0.6453125 0.47265625 0.03203125 0.1078125
2 0.5953125 0.35078125 0.0203125 0.065625
2 0.5796875 0.34140625 0.01875 0.090625
2 0.44375 0.6296875 0.04375 0.14453125
2 0.7921875 0.5765625 0.0515625 0.1359375
2 0.91640625 0.7 0.04375 0.1296875
2 0.88515625 0.83125 0.03671875 0.16015625
2 0.30546875 0.3734375 0.01328125 0.11171875
2 0.26796875 0.37109375 0.0265625 0.0890625
2 0.26640625 0.44765625 0.0453125 0.09140625
2 0.14765625 0.3265625 0.04921875 0.15390625
3 0.04375 0.1203125 0.0203125 0.08984375