3 0.2640625 0.3375 0.02421875 0.084375
3 0.91171875 0.53125 0.0328125 0.10859375
0 0.4421875 0.4046875 0.01328125 0.034375
2 0.4375 0.36171875 0.02421875 0.06796875
2 0.46015625 0.3796875 0.02890625 0.08359375
2 0.48828125 0.440625 0.03984375 0.1109375
2 0.51796875 0.47890625 0.0484375 0.115625
2 0.509375 0.628125 0.046875 0.11796875
2 0.165625 0.6578125 0.06875 0.1546875
2 0.11796875 0.47734375 0.04453125 0.121875
2 0.084375 0.44453125 0.02890625 0.1421875
2 0.30546875 0.92890625 0.06484375 0.14140625
2 0.74453125 0.55625 0.0515625 0.153125
2 0.8421875 0.47265625 0.0546875 0.125
2 0.80234375 0.425 0.021875 0.08125
2 0.92734375 0.58828125 0.040625 0.13671875