3 0.7546875 0.27265625 0.0375 0.0734375
3 0.171875 0.61015625 0.04453125 0.10234375
0 0.1234375 0.53046875 0.01328125 0.021875
1 0.31171875 0.41171875 0.0375 0.08671875
2 0.15234375 0.48203125 0.02265625 0.0828125
2 0.12890625 0.50546875 0.0296875 0.059375
2 0.17109375 0.5265625 0.03125 0.096875
2 0.184375 0.71171875 0.046875 0.13046875
2 0.31953125 0.48984375 0.02890625 0.096875
2 0.353125 0.46484375 0.03046875 0.1078125
2 0.43046875 0.4265625 0.053125 0.08359375
2 0.6 0.4078125 0.0390625 0.10390625
2 0.5203125 0.54375 0.02578125 0.11328125
2 0.42421875 0.48828125 0.03203125 0.10078125
2 0.37578125 0.55625 0.034375 0.09765625
2 0.6984375 0.4921875 0.034375 0.1359375
2 0.84609375 0.46953125 0.03359375 0.1015625
2 0.884375 0.58671875 0.03359375 0.11875
2 0.73125 0.69375 0.04453125 0.15625