3 0.6265625 0.5703125 0.046875 0.115625
3 0.8078125 0.265625 0.0328125 0.09453125
1 0.2328125 0.42734375 0.0390625 0.10703125
0 0.3515625 0.51328125 0.02109375 0.0375
2 0.32109375 0.47265625 0.01640625 0.08359375
2 0.33203125 0.48046875 0.0359375 0.10078125
2 0.3953125 0.5 0.04375 0.125
2 0.4703125 0.46875 0.04296875 0.09453125
2 0.5296875 0.49921875 0.05078125 0.1203125
2 0.6078125 0.4734375 0.02421875 0.06328125
2 0.596875 0.51875 0.04140625 0.09765625
2 0.725 0.47890625 0.02890625 0.0921875
2 0.759375 0.40390625 0.0421875 0.1265625
2 0.40625 0.6140625 0.04765625 0.125
2 0.50390625 0.57421875 0.02890625 0.13828125
2 0.92890625 0.58359375 0.040625 0.13984375
2 0.99140625 0.48125 0.01640625 0.1328125