2 0.97578125 0.5015625 0.0328125 0.134375
2 0.7578125 0.40390625 0.03359375 0.12109375
2 0.8125 0.46875 0.0328125 0.109375
2 0.959375 0.88125 0.04375 0.15390625
2 0.890625 0.75078125 0.0453125 0.13359375
2 0.784375 0.6484375 0.040625 0.128125
2 0.14765625 0.7359375 0.0796875 0.209375
2 0.2640625 0.70703125 0.04609375 0.15703125
2 0.421875 0.6 0.02890625 0.1109375
2 0.3453125 0.5578125 0.03359375 0.11328125
2 0.38515625 0.5078125 0.03203125 0.1015625
2 0.49921875 0.50625 0.03125 0.09140625
2 0.571875 0.509375 0.03125 0.1125
2 0.53046875 0.42421875 0.02421875 0.0859375
2 0.50703125 0.44765625 0.0375 0.06953125
2 0.603125 0.39921875 0.03671875 0.10390625
2 0.62734375 0.378125 0.03125 0.0875
2 0.66015625 0.384375 0.02578125 0.084375
3 0.8125 0.25625 0.0375 0.08828125
3 0.7984375 0.56328125 0.021875 0.1078125
1 0.13125 0.4046875 0.04296875 0.11875
0 0.665625 0.284375 0.03046875 0.04140625