2 0.2828125 0.4609375 0.025 0.15859375
2 0.34453125 0.4046875 0.03359375 0.128125
2 0.54609375 0.36484375 0.02890625 0.090625
2 0.4140625 0.47734375 0.040625 0.109375
0 0.3140625 0.47734375 0.01796875 0.05
2 0.13046875 0.52109375 0.03203125 0.14375
2 0.0125 0.8109375 0.025 0.1796875
2 0.440625 0.76640625 0.0796875 0.21484375
2 0.5734375 0.64140625 0.07421875 0.1671875
2 0.57578125 0.45859375 0.05234375 0.15
2 0.73125 0.428125 0.03359375 0.1046875
2 0.76640625 0.44765625 0.02421875 0.103125
2 0.85 0.40390625 0.0375 0.10625
2 0.87421875 0.49140625 0.0484375 0.13125
2 0.803125 0.5359375 0.04765625 0.1296875
3 0.72890625 0.53203125 0.03828125 0.14609375