0 0.2875 0.56875 0.0234375 0.0421875
3 0.30546875 0.340625 0.03046875 0.05859375
3 0.58359375 0.47109375 0.0296875 0.0890625
2 0.3796875 0.46875 0.02734375 0.084375
2 0.196875 0.47421875 0.02421875 0.0859375
2 0.16875 0.55859375 0.028125 0.11171875
2 0.24609375 0.625 0.0359375 0.103125
2 0.42265625 0.44140625 0.025 0.0796875
2 0.43515625 0.4953125 0.0265625 0.0796875
2 0.54453125 0.44609375 0.028125 0.07265625
2 0.4828125 0.54609375 0.02734375 0.09296875
2 0.61328125 0.50859375 0.028125 0.075
2 0.61953125 0.56953125 0.0421875 0.0828125
2 0.58046875 0.58828125 0.0265625 0.121875
2 0.53671875 0.59140625 0.02578125 0.0765625
2 0.6515625 0.6796875 0.05 0.1203125
2 0.7609375 0.496875 0.02734375 0.0703125
2 0.75546875 0.45390625 0.0265625 0.084375
2 0.8421875 0.590625 0.04453125 0.1109375
2 0.9015625 0.46171875 0.02734375 0.075
2 0.9734375 0.509375 0.03046875 0.10703125