3 0.290625 0.2875 0.03671875 0.0875
3 0.77734375 0.496875 0.0328125 0.08671875
2 0.44296875 0.36640625 0.025 0.09609375
0 0.459375 0.4 0.01171875 0.040625
2 0.2171875 0.45234375 0.0296875 0.09140625
2 0.05625 0.38671875 0.02734375 0.09765625
2 0.121875 0.590625 0.0265625 0.10546875
2 0.40859375 0.48984375 0.03515625 0.0984375
2 0.4609375 0.4734375 0.03515625 0.10859375
2 0.62578125 0.5828125 0.03359375 0.1203125
2 0.6078125 0.62578125 0.0265625 0.0953125
2 0.72578125 0.43828125 0.0234375 0.10703125
2 0.75703125 0.4421875 0.0265625 0.09609375
2 0.8 0.43203125 0.0296875 0.1015625