3 0.68125 0.52578125 0.04140625 0.11015625
3 0.48671875 0.2734375 0.02734375 0.08203125
2 0.30546875 0.478125 0.04609375 0.12109375
2 0.2046875 0.553125 0.02421875 0.09453125
2 0.19921875 0.565625 0.0375 0.09453125
2 0.14765625 0.64609375 0.040625 0.14296875
2 0.20078125 0.8078125 0.04375 0.140625
2 0.4453125 0.5765625 0.046875 0.1359375
2 0.5421875 0.546875 0.05234375 0.06875
2 0.5890625 0.5734375 0.04140625 0.14765625
2 0.6 0.68984375 0.0359375 0.1234375
2 0.74296875 0.59140625 0.03203125 0.121875
2 0.8421875 0.4828125 0.03203125 0.09921875
2 0.95703125 0.40859375 0.040625 0.13828125
2 0.84765625 0.565625 0.0265625 0.15078125
2 0.79375 0.63515625 0.04296875 0.11875
0 0.18125 0.5109375 0.0140625 0.0375