0 0.38828125 0.6515625 0.02578125 0.04375
2 0.1046875 0.52421875 0.04140625 0.15234375
2 0.1609375 0.49140625 0.03359375 0.13984375
2 0.20859375 0.37109375 0.01953125 0.1109375
2 0.47109375 0.553125 0.0375 0.12578125
2 0.44140625 0.5984375 0.03515625 0.11953125
2 0.5390625 0.70390625 0.040625 0.178125
2 0.61796875 0.61015625 0.05 0.1390625
2 0.5234375 0.3640625 0.02734375 0.13984375
2 0.56484375 0.384375 0.03828125 0.1203125
2 0.72890625 0.465625 0.03984375 0.14296875
2 0.74765625 0.24921875 0.02578125 0.1078125
2 0.88828125 0.33203125 0.034375 0.11328125
2 0.98359375 0.44453125 0.0328125 0.1359375
3 0.58203125 0.475 0.05 0.1453125
3 0.0796875 0.1890625 0.02890625 0.10234375
2 0.3421875 0.6 0.05 0.15859375
2 0.11875 0.75078125 0.04296875 0.19375
2 0.60859375 0.8171875 0.05234375 0.17578125