3 0.78671875 0.25703125 0.021875 0.0625
3 0.70859375 0.5890625 0.03515625 0.1078125
1 0.23828125 0.36640625 0.02734375 0.09609375
0 0.084375 0.7765625 0.01953125 0.0578125
2 0.1453125 0.703125 0.04609375 0.146875
2 0.35078125 0.53203125 0.0453125 0.13359375
2 0.4421875 0.48203125 0.0296875 0.0984375
2 0.49765625 0.47578125 0.03515625 0.0859375
2 0.58984375 0.42265625 0.02578125 0.07734375
2 0.696875 0.45234375 0.021875 0.096875
2 0.8 0.4171875 0.02421875 0.07265625
2 0.49375 0.5484375 0.02734375 0.0953125
2 0.54140625 0.65234375 0.04609375 0.1234375
2 0.49921875 0.7125 0.04921875 0.11015625
2 0.41328125 0.7984375 0.06015625 0.128125
2 0.61875 0.5890625 0.0515625 0.1234375
2 0.71953125 0.73125 0.0453125 0.1203125
2 0.86015625 0.63125 0.04765625 0.1390625
2 0.9640625 0.534375 0.034375 0.09375
2 0.81953125 0.5171875 0.03125 0.10859375
2 0.8890625 0.78515625 0.05234375 0.14921875