3 0.6765625 0.2953125 0.0265625 0.06171875
3 0.71953125 0.5796875 0.04921875 0.1171875
2 0.50625 0.4296875 0.0234375 0.10546875
2 0.225 0.51171875 0.0265625 0.14765625
2 0.31953125 0.5125 0.0453125 0.10078125
2 0.4546875 0.4828125 0.03125 0.11171875
2 0.71015625 0.41328125 0.03359375 0.10234375
2 0.75 0.47734375 0.01796875 0.08046875
2 0.41171875 0.58984375 0.0140625 0.0890625
2 0.38125 0.63203125 0.02421875 0.11015625
2 0.0359375 0.68984375 0.046875 0.1703125
2 0.3296875 0.8140625 0.07734375 0.14375
2 0.49375 0.5765625 0.02421875 0.09609375
2 0.5046875 0.625 0.04140625 0.08515625
2 0.52890625 0.6859375 0.03984375 0.09453125
2 0.57734375 0.65625 0.025 0.13125
2 0.89375 0.56484375 0.065625 0.14453125