2 0.6359375 0.753125 0.05078125 0.12265625
2 0.7140625 0.7125 0.0546875 0.11953125
2 0.80546875 0.5984375 0.03203125 0.15234375
2 0.87109375 0.66796875 0.034375 0.13515625
2 0.06328125 0.51171875 0.05 0.1265625
2 0.38828125 0.55234375 0.03203125 0.11796875
2 0.48671875 0.55078125 0.04140625 0.1171875
2 0.428125 0.41640625 0.034375 0.065625
2 0.71015625 0.45078125 0.0453125 0.1328125
2 0.646875 0.39609375 0.0203125 0.10625
2 0.6109375 0.4046875 0.025 0.10078125
2 0.55703125 0.3671875 0.0265625 0.10859375
2 0.5015625 0.31796875 0.0203125 0.10546875
2 0.48515625 0.34296875 0.02578125 0.0796875
0 0.61015625 0.80078125 0.015625 0.03359375
1 0.95 0.365625 0.03359375 0.09765625
3 0.43359375 0.4703125 0.028125 0.0734375