0 0.2828125 0.47421875 0.02421875 0.03984375
3 0.4546875 0.2953125 0.02734375 0.08046875
2 0.53046875 0.34140625 0.02578125 0.09140625
2 0.33515625 0.35390625 0.02421875 0.09296875
2 0.259375 0.43359375 0.02734375 0.0890625
2 0.221875 0.58984375 0.03203125 0.134375
2 0.64921875 0.36875 0.03203125 0.10390625
2 0.590625 0.50078125 0.01953125 0.0875
2 0.56953125 0.52109375 0.03359375 0.09296875
2 0.74765625 0.4453125 0.04140625 0.0890625
2 0.79375 0.45234375 0.0296875 0.10234375
2 0.70703125 0.6453125 0.028125 0.09609375
2 0.6875 0.6953125 0.03828125 0.1234375
3 0.90078125 0.515625 0.04609375 0.13359375