2 0.3546875 0.38515625 0.02265625 0.109375
2 0.43515625 0.3796875 0.04375 0.08125
2 0.5421875 0.4125 0.0453125 0.11015625
2 0.403125 0.48671875 0.0484375 0.1046875
2 0.48359375 0.484375 0.0359375 0.09296875
2 0.45703125 0.53359375 0.02421875 0.13359375
2 0.571875 0.74765625 0.0703125 0.17578125
2 0.7015625 0.44453125 0.015625 0.084375
2 0.33125 0.94140625 0.04296875 0.1125
2 0.86953125 0.390625 0.0375 0.08671875
2 0.85 0.5359375 0.0203125 0.1203125
2 0.8328125 0.5484375 0.01953125 0.0953125
2 0.8453125 0.66796875 0.0515625 0.1234375
3 0.74921875 0.51328125 0.046875 0.11484375
3 0.05859375 0.31015625 0.03203125 0.1
0 0.37109375 0.425 0.01953125 0.0296875