0 0.50078125 0.4453125 0.0203125 0.04765625
1 0.08203125 0.53125 0.0296875 0.103125
2 0.2484375 0.6453125 0.02578125 0.1234375
2 0.25234375 0.6984375 0.02578125 0.1328125
2 0.42734375 0.578125 0.0421875 0.1296875
2 0.48125 0.5125 0.03984375 0.11328125
2 0.54921875 0.41953125 0.0296875 0.08359375
2 0.6 0.41484375 0.0296875 0.0984375
2 0.70859375 0.55078125 0.028125 0.10546875
2 0.790625 0.44140625 0.01796875 0.09375
2 0.8296875 0.43203125 0.0296875 0.09765625
2 0.84765625 0.54140625 0.0296875 0.103125
2 0.68984375 0.6046875 0.04296875 0.109375
2 0.66328125 0.6609375 0.03046875 0.1125
2 0.8015625 0.83203125 0.04296875 0.16484375
3 0.7953125 0.61171875 0.03125 0.11484375
3 0.7328125 0.38828125 0.03203125 0.10703125