2 0.275 0.52109375 0.04140625 0.11875
2 0.31875 0.3875 0.0390625 0.12109375
2 0.46640625 0.425 0.03984375 0.12734375
2 0.625 0.27265625 0.0296875 0.10390625
2 0.61171875 0.4875 0.0375 0.1359375
2 0.4328125 0.62578125 0.040625 0.12578125
2 0.13359375 0.684375 0.04375 0.14453125
2 0.021875 0.390625 0.04375 0.146875
2 0.2203125 0.584375 0.0375 0.1234375
2 0.35078125 0.696875 0.03359375 0.075
0 0.25390625 0.640625 0.025 0.05703125
2 0.78515625 0.6046875 0.04296875 0.13984375
2 0.79296875 0.34921875 0.05078125 0.1234375
2 0.8171875 0.49140625 0.0296875 0.11640625
2 0.8515625 0.55703125 0.03359375 0.14765625
2 0.95078125 0.5546875 0.04140625 0.1375
3 0.43515625 0.52109375 0.0421875 0.11328125