2 0.72734375 0.44921875 0.02734375 0.090625
0 0.74140625 0.46953125 0.01796875 0.02578125
2 0.69375 0.4421875 0.03046875 0.11171875
2 0.8796875 0.6078125 0.04921875 0.115625
2 0.64609375 0.58203125 0.03203125 0.16171875
2 0.5578125 0.47734375 0.028125 0.10703125
2 0.5203125 0.46796875 0.0328125 0.1171875
2 0.4609375 0.36328125 0.02578125 0.09609375
2 0.428125 0.31953125 0.0203125 0.0765625
2 0.4953125 0.590625 0.05078125 0.11796875
2 0.58828125 0.9078125 0.0671875 0.184375
2 0.278125 0.48125 0.0328125 0.11171875
2 0.159375 0.440625 0.040625 0.09609375
2 0.10390625 0.58515625 0.0453125 0.12265625
3 0.14375 0.53984375 0.0328125 0.128125
3 0.0359375 0.29921875 0.0375 0.10234375