2 0.67265625 0.52421875 0.02890625 0.0921875
2 0.68671875 0.546875 0.02578125 0.065625
2 0.81953125 0.55078125 0.04296875 0.08984375
2 0.94453125 0.6453125 0.0421875 0.175
2 0.703125 0.62265625 0.05234375 0.1109375
2 0.5890625 0.57265625 0.04296875 0.11015625
2 0.53828125 0.5171875 0.0390625 0.0828125
2 0.496875 0.45703125 0.02109375 0.08125
2 0.4734375 0.45859375 0.0234375 0.09375
2 0.4875 0.56484375 0.03359375 0.11015625
2 0.61640625 0.7484375 0.0359375 0.153125
2 0.0796875 0.65234375 0.04453125 0.15703125
2 0.02265625 0.43046875 0.040625 0.109375
0 0.64140625 0.4859375 0.0234375 0.0453125
3 0.1953125 0.60234375 0.03984375 0.16015625
1 0.6890625 0.45546875 0.04375 0.1109375