3 0.17734375 0.54296875 0.040625 0.1578125
1 0.5796875 0.43828125 0.0453125 0.10078125
0 0.46875 0.4859375 0.01640625 0.05078125
2 0.553125 0.51015625 0.0296875 0.090625
2 0.51015625 0.5765625 0.03984375 0.10625
2 0.49609375 0.528125 0.02890625 0.08203125
2 0.39296875 0.51328125 0.0328125 0.11328125
2 0.4546875 0.4734375 0.01328125 0.08828125
2 0.42890625 0.471875 0.01875 0.09609375
2 0.40546875 0.42578125 0.0203125 0.06796875
2 0.396875 0.37890625 0.0453125 0.0640625
2 0.875 0.584375 0.05625 0.1484375
2 0.71796875 0.71171875 0.04140625 0.18671875
2 0.459375 0.76875 0.0546875 0.14375
2 0.16484375 0.6328125 0.04296875 0.12265625
2 0.059375 0.61171875 0.0515625 0.13515625