2 0.57578125 0.428125 0.04140625 0.1296875
2 0.53515625 0.37109375 0.028125 0.13125
2 0.83203125 0.45859375 0.02734375 0.09921875
2 0.7375 0.63515625 0.0609375 0.14921875
0 0.834375 0.51328125 0.021875 0.028125
2 0.54609375 0.5984375 0.053125 0.134375
2 0.40078125 0.475 0.03828125 0.11171875
2 0.33046875 0.4359375 0.0359375 0.1046875
2 0.22421875 0.346875 0.03125 0.10390625
2 0.11640625 0.36875 0.03984375 0.10390625
2 0.178125 0.5453125 0.04609375 0.1109375
2 0.34453125 0.92734375 0.0734375 0.1453125