0 0.63046875 0.3765625 0.01875 0.0359375
2 0.44765625 0.40078125 0.03203125 0.11796875
2 0.14609375 0.35625 0.02890625 0.09453125
2 0.334375 0.47265625 0.034375 0.128125
2 0.4578125 0.49453125 0.03828125 0.128125
2 0.58984375 0.4328125 0.0265625 0.08125
2 0.5765625 0.36953125 0.03046875 0.09296875
2 0.68671875 0.328125 0.02578125 0.07578125
2 0.78046875 0.371875 0.01875 0.0875
2 0.84296875 0.4640625 0.0203125 0.11015625
2 0.8078125 0.48046875 0.021875 0.0953125
2 0.86875 0.496875 0.021875 0.1171875
2 0.8 0.61171875 0.0328125 0.1296875
2 0.7453125 0.63828125 0.03046875 0.1359375
2 0.91328125 0.7484375 0.03515625 0.159375
2 0.76484375 0.884375 0.0671875 0.165625
2 0.13125 0.6421875 0.0484375 0.153125
2 0.04140625 0.6265625 0.05546875 0.1421875
2 0.21796875 0.79375 0.05234375 0.11640625
3 0.51796875 0.5203125 0.03828125 0.13359375