0 0.1390625 0.4953125 0.02421875 0.03203125
2 0.11015625 0.46484375 0.02734375 0.1390625
2 0.059375 0.55390625 0.02109375 0.1390625
2 0.25546875 0.69375 0.0421875 0.15078125
2 0.359375 0.50625 0.03515625 0.10390625
2 0.39921875 0.4453125 0.02109375 0.11640625
2 0.44140625 0.5359375 0.02109375 0.10703125
2 0.65234375 0.45625 0.01953125 0.0921875
2 0.65078125 0.5359375 0.0234375 0.109375
2 0.69765625 0.525 0.0359375 0.12109375
2 0.7796875 0.53203125 0.025 0.1125
2 0.7578125 0.571875 0.01875 0.1125
2 0.80390625 0.596875 0.0203125 0.12890625
2 0.82265625 0.625 0.01875 0.171875
2 0.85625 0.59765625 0.0296875 0.121875
2 0.9078125 0.6 0.02734375 0.11640625
2 0.89296875 0.63046875 0.0359375 0.16015625
3 0.43515625 0.44609375 0.03359375 0.1203125