3 0.15546875 0.5 0.04921875 0.1234375
0 0.72734375 0.79765625 0.02734375 0.03984375
2 0.80546875 0.74921875 0.04296875 0.1203125
2 0.75078125 0.33828125 0.02265625 0.0859375
2 0.671875 0.4390625 0.04375 0.1203125
2 0.7859375 0.54296875 0.040625 0.1296875
2 0.98515625 0.49921875 0.02890625 0.1484375
2 0.2515625 0.26328125 0.03515625 0.09296875
2 0.140625 0.34453125 0.04921875 0.11171875
2 0.30546875 0.396875 0.0390625 0.10703125
2 0.265625 0.4453125 0.0328125 0.0890625
2 0.096875 0.58515625 0.04609375 0.11171875
2 0.615625 0.35625 0.03359375 0.09765625
2 0.5546875 0.4140625 0.034375 0.121875