2 0.17578125 0.4671875 0.03359375 0.115625
2 0.3515625 0.43203125 0.0421875 0.109375
2 0.43984375 0.44921875 0.02421875 0.115625
2 0.29609375 0.51484375 0.0296875 0.1109375
2 0.3265625 0.5375 0.0296875 0.1015625
2 0.1984375 0.61015625 0.03984375 0.15703125
2 0.04453125 0.65546875 0.03671875 0.1625
2 0.35390625 0.66328125 0.0375 0.140625
2 0.2890625 0.77890625 0.04609375 0.13671875
2 0.53984375 0.53671875 0.0328125 0.11640625
2 0.715625 0.46015625 0.021875 0.084375
2 0.80078125 0.4015625 0.0328125 0.0890625
2 0.81875 0.5609375 0.03359375 0.10703125
2 0.8671875 0.41875 0.0390625 0.1
2 0.73046875 0.4734375 0.02421875 0.07890625
3 0.7359375 0.525 0.03125 0.10625
3 0.29296875 0.3328125 0.0265625 0.0875
0 0.221875 0.521875 0.02734375 0.0546875