1 0.2046875 0.45 0.04296875 0.128125
2 0.17109375 0.59765625 0.02734375 0.13984375
2 0.23125 0.5265625 0.02578125 0.1171875
2 0.31015625 0.4734375 0.0265625 0.09921875
2 0.30703125 0.53125 0.0328125 0.06796875
2 0.2578125 0.54375 0.028125 0.1203125
2 0.28671875 0.5921875 0.03203125 0.15078125
2 0.36484375 0.5875 0.03046875 0.1421875
2 0.41328125 0.50078125 0.0296875 0.09609375
2 0.44609375 0.47421875 0.0296875 0.10078125
2 0.48984375 0.44375 0.040625 0.11328125
2 0.44375 0.54140625 0.03203125 0.103125
2 0.56484375 0.48828125 0.046875 0.128125
2 0.6390625 0.4734375 0.034375 0.103125
2 0.56484375 0.59765625 0.046875 0.11484375
2 0.58828125 0.7421875 0.03828125 0.146875
2 0.6203125 0.7140625 0.0421875 0.125
2 0.94609375 0.5671875 0.0421875 0.1328125
0 0.615625 0.79609375 0.025 0.05234375
3 0.7875 0.28828125 0.02421875 0.11796875
3 0.62421875 0.60078125 0.04921875 0.13046875