1 0.915625 0.478125 0.04140625 0.12109375
0 0.77109375 0.4015625 0.0125 0.03359375
2 0.73203125 0.45859375 0.0296875 0.08125
2 0.43828125 0.38515625 0.03671875 0.09140625
2 0.33203125 0.44296875 0.03828125 0.115625
2 0.09921875 0.39140625 0.0296875 0.096875
2 0.0609375 0.3234375 0.0234375 0.075
2 0.04921875 0.5078125 0.03359375 0.09140625
2 0.3625 0.603125 0.034375 0.1046875
2 0.7171875 0.63046875 0.05703125 0.14609375
2 0.86171875 0.65078125 0.04921875 0.13046875
2 0.01796875 0.9421875 0.0359375 0.11484375