3 0.26484375 0.14296875 0.0359375 0.0765625
3 0.78046875 0.3375 0.02890625 0.084375
0 0.36328125 0.74140625 0.0265625 0.0546875
2 0.16640625 0.54296875 0.059375 0.1515625
2 0.2046875 0.32265625 0.04296875 0.1203125
2 0.375 0.21875 0.0359375 0.09453125
2 0.4953125 0.28046875 0.0359375 0.0765625
2 0.509375 0.3515625 0.02265625 0.07734375
2 0.49453125 0.390625 0.021875 0.08671875
2 0.45625 0.86484375 0.06328125 0.18125
2 0.71328125 0.62578125 0.046875 0.134375
2 0.79296875 0.48359375 0.03125 0.09140625
2 0.7875 0.375 0.0375 0.06875
2 0.746875 0.359375 0.03203125 0.10703125
2 0.89921875 0.33046875 0.0359375 0.08828125
2 0.9265625 0.259375 0.02890625 0.0703125
2 0.9140625 0.2125 0.01875 0.04921875
2 0.9671875 0.36015625 0.04453125 0.14453125
2 0.934375 0.57265625 0.0375 0.15859375