2 0.0578125 0.4328125 0.02734375 0.09296875
0 0.07265625 0.47109375 0.01171875 0.0203125
3 0.134375 0.25703125 0.0296875 0.071875
3 0.64609375 0.44921875 0.02109375 0.078125
2 0.2484375 0.34453125 0.02734375 0.0828125
2 0.253125 0.47578125 0.04375 0.11640625
2 0.15859375 0.5734375 0.053125 0.1453125
2 0.396875 0.48359375 0.0359375 0.09453125
2 0.440625 0.50625 0.03828125 0.09453125
2 0.7328125 0.2671875 0.0203125 0.06015625
2 0.7828125 0.34375 0.03125 0.08125
2 0.81796875 0.38125 0.01953125 0.07578125
2 0.8609375 0.39765625 0.01875 0.07890625
2 0.928125 0.5171875 0.0203125 0.09765625
2 0.875 0.54375 0.03359375 0.10078125
2 0.69765625 0.52265625 0.0203125 0.09609375
2 0.64921875 0.50078125 0.01796875 0.08125
2 0.6375 0.415625 0.0140625 0.0640625
2 0.59140625 0.65 0.0296875 0.1203125