3 0.61171875 0.49453125 0.0375 0.115625
3 0.503125 0.1703125 0.01640625 0.0546875
0 0.16015625 0.65546875 0.01875 0.05078125
2 0.2453125 0.40703125 0.028125 0.1078125
2 0.14140625 0.61171875 0.03203125 0.1234375
2 0.37890625 0.425 0.028125 0.10546875
2 0.55078125 0.2984375 0.021875 0.0703125
2 0.6109375 0.3328125 0.02265625 0.10546875
2 0.55625 0.446875 0.03046875 0.0859375
2 0.52421875 0.5109375 0.0296875 0.11015625
2 0.76875 0.39453125 0.03359375 0.09453125
2 0.88359375 0.4921875 0.0375 0.1203125
2 0.63828125 0.6359375 0.0296875 0.1234375
2 0.615625 0.66015625 0.034375 0.0875
2 0.97578125 0.8578125 0.0484375 0.1625
2 0.525 0.73046875 0.04765625 0.14609375
2 0.55234375 0.85546875 0.05546875 0.16640625