0 0.3 0.36640625 0.021875 0.05078125
2 0.22421875 0.3296875 0.0421875 0.10859375
2 0.1140625 0.759375 0.0515625 0.1703125
2 0.02578125 0.71328125 0.03671875 0.14453125
2 0.49921875 0.6375 0.040625 0.16328125
2 0.5453125 0.51640625 0.0296875 0.1140625
2 0.58203125 0.46796875 0.02265625 0.08984375
2 0.653125 0.5140625 0.034375 0.125
2 0.590625 0.5484375 0.01875 0.0953125
2 0.5734375 0.50625 0.021875 0.06796875
2 0.571875 0.6390625 0.0140625 0.13359375
2 0.5609375 0.5625 0.028125 0.09140625
2 0.59921875 0.6484375 0.02890625 0.14609375
2 0.66875 0.6140625 0.02890625 0.11953125
2 0.71796875 0.6 0.028125 0.11953125
2 0.79140625 0.70390625 0.02421875 0.16328125
2 0.7578125 0.75234375 0.0390625 0.16640625
1 0.8515625 0.55546875 0.0484375 0.1359375
3 0.13671875 0.54140625 0.053125 0.1546875