0 0.8578125 0.58359375 0.02734375 0.04375
2 0.63828125 0.56484375 0.05390625 0.12578125
2 0.7125 0.34375 0.03671875 0.13203125
2 0.3640625 0.26328125 0.0546875 0.12890625
2 0.48828125 0.46015625 0.02890625 0.1234375
2 0.41640625 0.54921875 0.0328125 0.14609375
2 0.44453125 0.58203125 0.04375 0.14375
2 0.5828125 0.828125 0.06171875 0.1765625
2 0.98984375 0.5359375 0.0203125 0.103125
2 0.26484375 0.784375 0.04453125 0.15078125
2 0.21875 0.4984375 0.028125 0.1203125
2 0.23671875 0.434375 0.046875 0.10859375
2 0.1234375 0.29296875 0.02890625 0.09140625