2 0.4265625 0.53828125 0.040625 0.125
2 0.55 0.39453125 0.028125 0.09765625
2 0.77421875 0.340625 0.03125 0.0875
2 0.771875 0.48359375 0.03203125 0.11328125
2 0.75234375 0.48671875 0.0234375 0.1046875
2 0.884375 0.6203125 0.0453125 0.15234375
2 0.5390625 0.5828125 0.0390625 0.10859375
2 0.39453125 0.69609375 0.0453125 0.11484375
2 0.70859375 0.88125 0.0390625 0.1390625
2 0.29140625 0.47265625 0.0375 0.0828125
2 0.27265625 0.4390625 0.03515625 0.0859375
2 0.1296875 0.49375 0.03203125 0.09921875
2 0.109375 0.503125 0.0296875 0.0953125
2 0.0765625 0.54921875 0.0390625 0.11171875
2 0.1390625 0.7515625 0.04453125 0.15546875
2 0.196875 0.83203125 0.04921875 0.1828125
0 0.3859375 0.515625 0.01953125 0.04375
3 0.35234375 0.24296875 0.0375 0.09453125
3 0.51640625 0.53671875 0.03359375 0.14375