3 0.68359375 0.2484375 0.02421875 0.06796875
3 0.53984375 0.578125 0.03203125 0.115625
0 0.409375 0.3875 0.01875 0.05078125
2 0.51640625 0.4421875 0.03125 0.0953125
2 0.7578125 0.390625 0.02734375 0.09921875
2 0.9109375 0.35703125 0.0421875 0.09296875
2 0.7703125 0.50703125 0.0390625 0.11796875
2 0.56640625 0.49140625 0.03359375 0.13046875
2 0.390625 0.50546875 0.0328125 0.11171875
2 0.26171875 0.6109375 0.05078125 0.14921875
2 0.278125 0.746875 0.053125 0.15859375
2 0.534375 0.72265625 0.0515625 0.140625
2 0.5421875 0.86953125 0.05390625 0.1359375
2 0.2609375 0.88203125 0.0453125 0.16171875
2 0.71171875 0.70859375 0.04140625 0.1296875
2 0.86875 0.64140625 0.0546875 0.1671875
2 0.9859375 0.65078125 0.028125 0.1203125
2 0.853125 0.8125 0.04765625 0.1828125
2 0.634375 0.94296875 0.0453125 0.1140625