0 0.23359375 0.84296875 0.0234375 0.03984375
3 0.1109375 0.1734375 0.02734375 0.05390625
3 0.65703125 0.43046875 0.0421875 0.0859375
2 0.578125 0.453125 0.0375 0.10390625
2 0.44296875 0.38046875 0.03359375 0.10703125
2 0.49375 0.31484375 0.0234375 0.0953125
2 0.521875 0.240625 0.0421875 0.10859375
2 0.24375 0.3015625 0.034375 0.0859375
2 0.303125 0.4984375 0.0375 0.12890625
2 0.25546875 0.540625 0.04140625 0.1296875
2 0.3796875 0.803125 0.04296875 0.14921875
2 0.04453125 0.36015625 0.02265625 0.1046875
2 0.01796875 0.384375 0.02421875 0.09296875
2 0.57421875 0.85703125 0.03359375 0.12109375
2 0.7140625 0.74921875 0.0578125 0.1359375
2 0.77109375 0.66015625 0.04765625 0.1390625
2 0.92734375 0.40546875 0.0390625 0.13515625
2 0.85078125 0.41328125 0.02890625 0.1203125
2 0.8015625 0.30859375 0.04921875 0.1421875