2 0.5953125 0.37109375 0.0390625 0.10703125
2 0.80078125 0.3625 0.0359375 0.10625
2 0.7046875 0.50546875 0.0375 0.096875
0 0.7203125 0.5640625 0.01640625 0.05
2 0.953125 0.546875 0.05390625 0.1109375
2 0.62734375 0.5078125 0.03984375 0.10390625
2 0.559375 0.4984375 0.0359375 0.11640625
2 0.734375 0.665625 0.04296875 0.134375
2 0.7328125 0.78203125 0.03359375 0.13828125
2 0.37734375 0.48046875 0.03359375 0.0953125
2 0.3671875 0.4 0.02578125 0.09296875
2 0.346875 0.40078125 0.02734375 0.0875
2 0.2484375 0.72109375 0.0390625 0.15
2 0.09765625 0.51171875 0.0390625 0.12421875
2 0.14453125 0.3578125 0.02734375 0.11015625
2 0.015625 0.6125 0.03125 0.159375
3 0.25546875 0.20703125 0.025 0.06015625
3 0.35859375 0.53828125 0.040625 0.121875