2 0.29453125 0.403125 0.0203125 0.0796875
2 0.25390625 0.4796875 0.02734375 0.09609375
2 0.328125 0.51484375 0.03515625 0.10546875
0 0.38046875 0.471875 0.01640625 0.0328125
2 0.3890625 0.4421875 0.02109375 0.08125
2 0.04140625 0.490625 0.0328125 0.1078125
2 0.165625 0.64453125 0.03046875 0.1375
2 0.56640625 0.42890625 0.0171875 0.10625
2 0.59765625 0.43515625 0.03203125 0.08515625
2 0.77109375 0.36484375 0.03046875 0.0890625
2 0.825 0.396875 0.02421875 0.1015625
2 0.903125 0.52578125 0.03046875 0.11328125
2 0.8734375 0.51640625 0.034375 0.10546875
2 0.7015625 0.56015625 0.040625 0.10546875
2 0.8109375 0.584375 0.0359375 0.11796875
2 0.9078125 0.6984375 0.03359375 0.125
2 0.6140625 0.6046875 0.03984375 0.10703125
2 0.5171875 0.6703125 0.0328125 0.12421875
3 0.66953125 0.509375 0.0265625 0.09765625
3 0.1234375 0.315625 0.01953125 0.0734375