2 0.31953125 0.7296875 0.04609375 0.1359375
0 0.2796875 0.78046875 0.02109375 0.034375
2 0.378125 0.7015625 0.046875 0.15078125
2 0.22265625 0.4625 0.0296875 0.1078125
2 0.190625 0.43203125 0.0390625 0.1078125
2 0.26328125 0.29296875 0.05078125 0.10546875
2 0.2953125 0.3171875 0.028125 0.09453125
2 0.41953125 0.2296875 0.04375 0.0953125
2 0.45546875 0.3734375 0.03203125 0.11328125
2 0.4046875 0.5359375 0.04453125 0.11953125
2 0.5625 0.43671875 0.04296875 0.13046875
2 0.5921875 0.278125 0.034375 0.09453125
2 0.6765625 0.3859375 0.04296875 0.1546875
2 0.746875 0.36953125 0.046875 0.1234375
2 0.81484375 0.44453125 0.04296875 0.13984375
2 0.7625 0.55234375 0.05546875 0.15234375
3 0.35390625 0.409375 0.05234375 0.1375