2 0.4078125 0.375 0.01796875 0.103125
2 0.45703125 0.39296875 0.03359375 0.09453125
2 0.36015625 0.48671875 0.03046875 0.1375
2 0.32265625 0.46640625 0.01796875 0.13515625
2 0.0609375 0.4296875 0.0359375 0.1328125
2 0.0140625 0.40078125 0.028125 0.1328125
2 0.09375 0.4984375 0.046875 0.14921875
2 0.1625 0.61796875 0.06015625 0.15078125
2 0.0078125 0.55390625 0.015625 0.1296875
0 0.41875 0.40078125 0.01484375 0.0390625
3 0.5375 0.5421875 0.0375 0.12578125
2 0.56640625 0.61796875 0.04140625 0.165625
2 0.77265625 0.4703125 0.03203125 0.1125
2 0.8109375 0.4828125 0.04140625 0.1203125
2 0.8890625 0.70234375 0.05234375 0.15234375
2 0.4265625 0.71171875 0.0359375 0.16328125