0 0.846875 0.84140625 0.01328125 0.04375
1 0.840625 0.36875 0.02734375 0.11171875
3 0.303125 0.52109375 0.0359375 0.12890625
3 0.990625 0.7578125 0.01875 0.14296875
2 0.925 0.57421875 0.0328125 0.1203125
2 0.46875 0.425 0.0234375 0.1125
2 0.47265625 0.62578125 0.0390625 0.12578125
2 0.8625 0.7609375 0.03046875 0.14609375
2 0.8265625 0.8140625 0.03359375 0.09375
2 0.37890625 0.68984375 0.0265625 0.13359375
2 0.4078125 0.5546875 0.03359375 0.134375
2 0.2125 0.45078125 0.0296875 0.11484375
2 0.12421875 0.38515625 0.028125 0.10390625
2 0.15625 0.32265625 0.03203125 0.08984375
2 0.04921875 0.48828125 0.03359375 0.125
2 0.0515625 0.615625 0.03984375 0.12578125
2 0.0828125 0.87265625 0.046875 0.18046875
2 0.0265625 0.86015625 0.04921875 0.178125