2 0.859375 0.740625 0.02890625 0.153125
2 0.8515625 0.51328125 0.03515625 0.12890625
2 0.8453125 0.4 0.03984375 0.134375
2 0.9921875 0.3140625 0.01484375 0.0828125
2 0.7109375 0.23828125 0.034375 0.08515625
2 0.6390625 0.26953125 0.04375 0.1046875
2 0.79140625 0.528125 0.03671875 0.121875
2 0.61328125 0.5421875 0.05078125 0.13515625
2 0.49375 0.43125 0.04296875 0.15078125
2 0.3703125 0.34453125 0.0328125 0.103125
2 0.29453125 0.19375 0.034375 0.09765625
2 0.1984375 0.27578125 0.0375 0.0921875
2 0.31171875 0.52109375 0.0484375 0.11640625
2 0.38671875 0.625 0.0578125 0.109375
2 0.43203125 0.61171875 0.03984375 0.14765625
2 0.41015625 0.790625 0.04140625 0.16796875
0 0.703125 0.7765625 0.0296875 0.05546875
2 0.1390625 0.55859375 0.05390625 0.14765625
2 0.15 0.4453125 0.05 0.13828125
3 0.4078125 0.42890625 0.0390625 0.11875
3 0.20859375 0.16328125 0.0265625 0.08671875