0 0.63671875 0.453125 0.01640625 0.0375
2 0.59609375 0.29609375 0.0265625 0.1125
2 0.57109375 0.3328125 0.034375 0.1078125
2 0.53046875 0.42109375 0.05078125 0.140625
2 0.6625 0.41875 0.03984375 0.08125
2 0.85390625 0.3875 0.0375 0.09296875
2 0.85859375 0.31796875 0.04453125 0.10703125
2 0.9734375 0.44921875 0.034375 0.128125
2 0.82578125 0.89921875 0.046875 0.19453125
2 0.4453125 0.5640625 0.04140625 0.15546875
2 0.36875 0.42578125 0.025 0.0890625
2 0.32734375 0.4015625 0.03046875 0.1015625
2 0.3078125 0.521875 0.04453125 0.1484375
2 0.23359375 0.4703125 0.04140625 0.121875
2 0.13515625 0.5171875 0.046875 0.1
2 0.1265625 0.60859375 0.04296875 0.13671875
3 0.36015625 0.49765625 0.0390625 0.1328125