0 0.4046875 0.30390625 0.0109375 0.02265625
2 0.41875 0.27734375 0.02734375 0.06796875
2 0.23515625 0.34296875 0.02421875 0.08515625
2 0.125 0.3546875 0.03515625 0.07890625
2 0.0671875 0.4125 0.03125 0.08828125
2 0.296875 0.4390625 0.0203125 0.10234375
2 0.34609375 0.36953125 0.021875 0.05546875
2 0.440625 0.35703125 0.03203125 0.075
2 0.465625 0.2953125 0.03046875 0.0796875
2 0.57265625 0.434375 0.0171875 0.06328125
2 0.5640625 0.48671875 0.028125 0.07421875
2 0.6796875 0.39375 0.02578125 0.078125
2 0.734375 0.57734375 0.0234375 0.11015625
2 0.72890625 0.38359375 0.01796875 0.0859375
2 0.79140625 0.459375 0.0234375 0.10078125
2 0.90390625 0.58984375 0.02421875 0.109375
2 0.33515625 0.6296875 0.040625 0.15703125
2 0.340625 0.421875 0.02109375 0.09140625
2 0.890625 0.89140625 0.04375 0.1921875
3 0.5515625 0.42734375 0.02890625 0.0953125