1 0.21796875 0.44921875 0.03203125 0.09765625
2 0.11796875 0.5421875 0.03984375 0.128125
2 0.140625 0.75078125 0.0359375 0.1578125
0 0.17578125 0.70546875 0.01640625 0.06015625
2 0.41875 0.44140625 0.0359375 0.1
2 0.646875 0.41015625 0.0296875 0.090625
2 0.95859375 0.44140625 0.034375 0.09765625
2 0.78359375 0.5140625 0.03671875 0.1
2 0.71796875 0.5484375 0.0453125 0.12265625
2 0.6609375 0.4953125 0.04375 0.0921875
2 0.38359375 0.553125 0.04296875 0.12578125
2 0.45 0.60546875 0.0390625 0.11796875
2 0.79921875 0.68984375 0.05 0.125
2 0.9078125 0.696875 0.0546875 0.121875
3 0.63984375 0.2984375 0.0375 0.071875