0 0.4171875 0.21484375 0.0203125 0.04765625
2 0.3203125 0.42734375 0.03125 0.11015625
2 0.23359375 0.446875 0.04765625 0.0859375
2 0.221875 0.5265625 0.03515625 0.10859375
2 0.0125 0.46953125 0.025 0.11875
2 0.33671875 0.54296875 0.028125 0.11484375
2 0.21875 0.728125 0.04375 0.14140625
2 0.128125 0.92734375 0.06015625 0.1453125
2 0.44921875 0.40078125 0.03828125 0.09453125
2 0.47890625 0.35 0.02578125 0.08359375
2 0.62578125 0.46640625 0.04765625 0.12578125
2 0.66953125 0.4234375 0.03515625 0.11796875
2 0.7734375 0.70859375 0.05546875 0.1546875
2 0.87265625 0.5921875 0.0296875 0.1109375
2 0.94921875 0.40703125 0.025 0.09296875