2 0.69140625 0.68125 0.03125 0.1453125
2 0.74765625 0.6140625 0.0265625 0.121875
2 0.79140625 0.4328125 0.028125 0.1265625
2 0.8296875 0.3015625 0.0359375 0.1078125
2 0.990625 0.28359375 0.01875 0.1296875
2 0.58984375 0.321875 0.03359375 0.10078125
2 0.58671875 0.42578125 0.0375 0.10234375
2 0.48671875 0.53515625 0.034375 0.13671875
2 0.57109375 0.696875 0.04453125 0.1265625
0 0.56484375 0.70390625 0.015625 0.04453125
2 0.28828125 0.578125 0.0328125 0.1390625
2 0.32421875 0.33515625 0.03359375 0.11015625
2 0.2640625 0.478125 0.0609375 0.14296875
2 0.17734375 0.41171875 0.0421875 0.153125
2 0.1703125 0.58828125 0.03828125 0.14921875
2 0.2203125 0.72265625 0.040625 0.15546875
2 0.52265625 0.73828125 0.04609375 0.16796875
2 0.5734375 0.796875 0.0484375 0.13203125
3 0.4109375 0.12578125 0.0328125 0.0828125
3 0.44609375 0.396875 0.053125 0.140625