0 0.44921875 0.59375 0.02578125 0.03828125
2 0.08828125 0.5296875 0.03671875 0.1203125
2 0.1796875 0.61640625 0.05 0.1421875
2 0.3109375 0.71875 0.04375 0.1546875
2 0.3328125 0.56171875 0.02734375 0.09609375
2 0.31484375 0.5109375 0.01640625 0.0953125
2 0.38359375 0.49375 0.02421875 0.09921875
2 0.4109375 0.5515625 0.02421875 0.10390625
2 0.496875 0.54375 0.0234375 0.10234375
3 0.51171875 0.5859375 0.03203125 0.10859375
2 0.65390625 0.53125 0.0296875 0.0875
2 0.7109375 0.53984375 0.0234375 0.0796875
2 0.703125 0.48203125 0.0390625 0.0859375
2 0.721875 0.42890625 0.04609375 0.10625
2 0.80234375 0.49375 0.0234375 0.08359375
2 0.85234375 0.49765625 0.02734375 0.10625
2 0.87578125 0.56875 0.028125 0.109375
2 0.97734375 0.4703125 0.00078125 0.00078125