0 0.234375 0.5078125 0.01953125 0.04921875
1 0.18984375 0.46328125 0.040625 0.1140625
2 0.11484375 0.59609375 0.04296875 0.14921875
2 0.290625 0.4359375 0.03671875 0.11484375
2 0.278125 0.67265625 0.0375 0.15703125
2 0.6046875 0.6953125 0.0296875 0.12890625
2 0.58828125 0.55 0.03359375 0.10234375
2 0.60703125 0.42265625 0.0296875 0.07109375
2 0.6015625 0.375 0.02890625 0.05390625
2 0.665625 0.475 0.0328125 0.11875
2 0.60625 0.50078125 0.0296875 0.075
2 0.83359375 0.44765625 0.040625 0.08203125
3 0.778125 0.3421875 0.04921875 0.0984375
3 0.97578125 0.5234375 0.0359375 0.1484375