3 0.3578125 0.33125 0.03359375 0.0875
2 0.5234375 0.3546875 0.03984375 0.10625
0 0.5265625 0.36953125 0.0140625 0.0296875
2 0.18984375 0.42578125 0.0484375 0.125
2 0.3765625 0.39921875 0.0421875 0.10390625
2 0.5203125 0.44609375 0.03515625 0.10234375
2 0.65546875 0.39375 0.03359375 0.09609375
2 0.90859375 0.465625 0.040625 0.103125
2 0.97578125 0.4859375 0.03515625 0.12890625
2 0.55 0.471875 0.02421875 0.128125
2 0.32265625 0.69375 0.034375 0.14765625
2 0.74921875 0.6765625 0.0375 0.13046875
2 0.90234375 0.6375 0.028125 0.10859375