2 0.0328125 0.609375 0.03984375 0.12265625
2 0.22265625 0.55 0.0328125 0.08671875
2 0.2640625 0.6390625 0.05234375 0.1265625
2 0.03125 0.8078125 0.0359375 0.15859375
2 0.41640625 0.87265625 0.05703125 0.16484375
2 0.57578125 0.5046875 0.0109375 0.08046875
2 0.56796875 0.48828125 0.01171875 0.0953125
2 0.725 0.31640625 0.040625 0.0984375
2 0.9046875 0.6171875 0.0515625 0.1765625
2 0.96875 0.58984375 0.0421875 0.16171875
2 0.3984375 0.31015625 0.025 0.078125
2 0.26953125 0.27421875 0.04375 0.0765625
2 0.0390625 0.30234375 0.0453125 0.1234375
2 0.33359375 0.3640625 0.01484375 0.07265625
2 0.321875 0.36328125 0.03046875 0.07109375
3 0.34140625 0.46640625 0.034375 0.08984375