1 0.13125 0.5125 0.03671875 0.10078125
0 0.68125 0.48984375 0.015625 0.0375
3 0.70625 0.37578125 0.02890625 0.08203125
3 0.63671875 0.59453125 0.02421875 0.11328125
2 0.56640625 0.4703125 0.03515625 0.08203125
2 0.37890625 0.55546875 0.02734375 0.10859375
2 0.33984375 0.54140625 0.0296875 0.11328125
2 0.19296875 0.60859375 0.02578125 0.1296875
2 0.27421875 0.5734375 0.0203125 0.11484375
2 0.125 0.6515625 0.0328125 0.121875
2 0.4796875 0.6328125 0.04140625 0.1265625
2 0.61796875 0.7265625 0.04296875 0.15078125
2 0.66796875 0.571875 0.0234375 0.11171875
2 0.6546875 0.48203125 0.03125 0.08046875
2 0.8453125 0.65625 0.0328125 0.10625
2 0.6828125 0.4515625 0.028125 0.07421875
2 0.47421875 0.84140625 0.06328125 0.1828125