2 0.7703125 0.6109375 0.0265625 0.134375
2 0.63671875 0.58203125 0.02890625 0.10703125
2 0.490625 0.57265625 0.0421875 0.13125
2 0.37421875 0.5125 0.03828125 0.11875
2 0.28984375 0.5515625 0.0359375 0.11640625
2 0.15625 0.43046875 0.040625 0.09140625
2 0.11015625 0.4140625 0.02734375 0.0984375
2 0.0734375 0.66796875 0.034375 0.14453125
2 0.021875 0.68671875 0.03203125 0.14375
0 0.7546875 0.628125 0.0140625 0.03359375
1 0.79453125 0.43046875 0.03515625 0.0859375
3 0.94921875 0.85390625 0.05625 0.16015625