3 0.01875 0.5125 0.0375 0.15
1 0.81484375 0.48828125 0.0390625 0.13125
0 0.459375 0.71171875 0.025 0.05703125
2 0.56875 0.440625 0.040625 0.14453125
2 0.33828125 0.4078125 0.03203125 0.0984375
2 0.4234375 0.453125 0.02109375 0.11328125
2 0.48984375 0.453125 0.02578125 0.10390625
2 0.5265625 0.5359375 0.02734375 0.1296875
2 0.43125 0.6703125 0.02734375 0.11171875
2 0.40703125 0.66640625 0.0453125 0.13671875
2 0.64765625 0.59921875 0.053125 0.1390625
2 0.6390625 0.75390625 0.05 0.1625
2 0.934375 0.77421875 0.0375 0.18046875
2 0.3484375 0.54921875 0.04453125 0.13359375
2 0.4046875 0.56796875 0.04921875 0.16171875
2 0.34453125 0.50390625 0.03046875 0.10234375
2 0.39375 0.5046875 0.01953125 0.0984375