3 0.46953125 0.44921875 0.0359375 0.121875
0 0.14140625 0.4921875 0.02421875 0.05859375
2 0.090625 0.4703125 0.03515625 0.1484375
2 0.0703125 0.54140625 0.03359375 0.14609375
2 0.27734375 0.6796875 0.02734375 0.1328125
2 0.38515625 0.44921875 0.04296875 0.10859375
2 0.42265625 0.47109375 0.021875 0.10234375
2 0.51328125 0.5328125 0.03125 0.09453125
2 0.60234375 0.51171875 0.03203125 0.08984375
2 0.62578125 0.4453125 0.034375 0.10078125
2 0.6703125 0.5265625 0.0296875 0.12421875
2 0.73046875 0.525 0.04375 0.115625
2 0.77421875 0.58203125 0.0359375 0.12890625
2 0.80078125 0.6171875 0.02421875 0.09765625
2 0.8609375 0.62890625 0.03046875 0.1296875
2 0.82109375 0.59375 0.0203125 0.159375