3 0.30234375 0.34453125 0.03828125 0.11171875
2 0.23671875 0.36640625 0.028125 0.09609375
2 0.4015625 0.34296875 0.028125 0.10859375
0 0.37890625 0.31640625 0.0203125 0.040625
2 0.38828125 0.39140625 0.0375 0.0734375
2 0.425 0.478125 0.03125 0.12109375
2 0.3953125 0.63515625 0.040625 0.134375
2 0.309375 0.928125 0.05625 0.14375
2 0.5703125 0.4765625 0.03671875 0.13046875
2 0.67265625 0.60390625 0.05078125 0.14765625
2 0.75390625 0.40625 0.02421875 0.0953125
2 0.890625 0.41875 0.04296875 0.125
2 0.80234375 0.503125 0.0453125 0.12265625
3 0.990625 0.50234375 0.01875 0.16953125