1 0.26875 0.28828125 0.03515625 0.109375
3 0.73984375 0.53125 0.0484375 0.12890625
0 0.46953125 0.83828125 0.025 0.040625
2 0.1671875 0.5515625 0.04453125 0.146875
2 0.3140625 0.528125 0.0359375 0.13046875
2 0.39375 0.44921875 0.04296875 0.1390625
2 0.46953125 0.40390625 0.0234375 0.1234375
2 0.51328125 0.36484375 0.0375 0.1390625
2 0.6296875 0.3265625 0.04453125 0.11796875
2 0.7984375 0.31484375 0.0328125 0.08984375
2 0.825 0.3328125 0.03828125 0.10546875
2 0.859375 0.44140625 0.04609375 0.125
2 0.5828125 0.52109375 0.0390625 0.13125
2 0.503125 0.51875 0.03671875 0.128125
2 0.3265625 0.59375 0.02421875 0.12265625
2 0.2921875 0.67578125 0.04375 0.15
2 0.3921875 0.775 0.046875 0.16953125
2 0.5421875 0.740625 0.0484375 0.16875
2 0.6390625 0.76796875 0.0453125 0.16796875