2 0.1671875 0.40703125 0.02734375 0.10546875
2 0.27890625 0.4703125 0.01796875 0.0875
0 0.26796875 0.5 0.0140625 0.03359375
2 0.3171875 0.48984375 0.0375 0.10078125
2 0.4265625 0.43828125 0.0453125 0.11640625
2 0.02421875 0.69921875 0.03828125 0.1390625
3 0.23203125 0.32265625 0.03125 0.09765625
3 0.690625 0.52890625 0.02890625 0.10390625
2 0.6078125 0.47890625 0.04375 0.11015625
2 0.49140625 0.559375 0.03046875 0.10390625
2 0.5171875 0.56484375 0.02890625 0.08984375
2 0.459375 0.7875 0.05390625 0.1609375
2 0.61171875 0.69453125 0.06640625 0.16015625
2 0.78046875 0.37578125 0.02578125 0.0953125
2 0.86015625 0.4109375 0.03671875 0.10703125
2 0.9 0.56171875 0.02578125 0.09921875
2 0.9296875 0.55625 0.0359375 0.11328125
2 0.9765625 0.61015625 0.02421875 0.14765625
2 0.934375 0.76640625 0.06015625 0.15703125
2 0.65234375 0.94921875 0.0453125 0.1015625