2 0.90078125 0.5953125 0.02421875 0.12578125
2 0.86328125 0.56796875 0.03125 0.10390625
2 0.6890625 0.57890625 0.0453125 0.08515625
2 0.55234375 0.38671875 0.0296875 0.09765625
2 0.67734375 0.54296875 0.028125 0.0703125
2 0.50390625 0.39140625 0.0328125 0.0859375
2 0.4203125 0.41171875 0.02421875 0.0921875
2 0.40078125 0.42109375 0.0234375 0.06796875
2 0.35234375 0.45703125 0.01953125 0.06015625
2 0.3390625 0.44765625 0.01796875 0.078125
2 0.30078125 0.44296875 0.0328125 0.0734375
2 0.334375 0.48984375 0.0140625 0.08359375
2 0.36796875 0.5625 0.0265625 0.0796875
2 0.309375 0.52890625 0.03046875 0.0890625
2 0.26796875 0.51015625 0.0203125 0.06015625
2 0.2671875 0.53984375 0.02421875 0.10625
2 0.24296875 0.55 0.02734375 0.0984375
2 0.18671875 0.60078125 0.01875 0.10625
2 0.3109375 0.659375 0.0453125 0.1015625
3 0.44921875 0.5546875 0.03359375 0.10703125
3 0.60625 0.29453125 0.03828125 0.09140625
1 0.06015625 0.42578125 0.03515625 0.1125
0 0.50625 0.671875 0.0265625 0.05703125