3 0.34296875 0.51640625 0.034375 0.1234375
3 0.2109375 0.33125 0.02578125 0.0765625
0 0.4984375 0.5375 0.02734375 0.04453125
2 0.14609375 0.421875 0.034375 0.08828125
2 0.10859375 0.453125 0.03984375 0.11640625
2 0.06796875 0.53984375 0.03203125 0.13046875
2 0.18046875 0.66953125 0.0359375 0.153125
2 0.29296875 0.45234375 0.02109375 0.0765625
2 0.2828125 0.39453125 0.03671875 0.134375
2 0.43046875 0.38359375 0.03125 0.08125
2 0.3625 0.453125 0.034375 0.09140625
2 0.434375 0.52421875 0.03359375 0.128125
2 0.5140625 0.39609375 0.046875 0.10625
2 0.58359375 0.55 0.02734375 0.0921875
2 0.5265625 0.57890625 0.0515625 0.13203125
2 0.575 0.54375 0.01171875 0.10390625
2 0.62890625 0.44921875 0.0453125 0.0828125
2 0.6171875 0.39453125 0.034375 0.08984375
2 0.71953125 0.384375 0.0546875 0.10703125
2 0.78515625 0.4859375 0.03203125 0.121875
2 0.696875 0.6640625 0.08046875 0.15078125