1 0.78046875 0.33125 0.025 0.09296875
3 0.09609375 0.50859375 0.03046875 0.10859375
3 0.96484375 0.728125 0.04375 0.1359375
0 0.7859375 0.70234375 0.01484375 0.0359375
2 0.309375 0.36171875 0.021875 0.0984375
2 0.3515625 0.36015625 0.0296875 0.084375
2 0.3625 0.496875 0.0453125 0.11640625
2 0.5515625 0.4703125 0.0390625 0.09765625
2 0.76640625 0.5515625 0.0265625 0.11640625
2 0.859375 0.63828125 0.0296875 0.134375
2 0.7328125 0.71796875 0.03671875 0.1078125
2 0.78984375 0.78046875 0.034375 0.09296875
2 0.634375 0.79921875 0.0421875 0.16015625
2 0.59921875 0.69921875 0.0390625 0.10859375
2 0.075 0.46015625 0.02421875 0.11484375
2 0.09140625 0.6953125 0.04609375 0.1015625
2 0.04609375 0.7796875 0.04140625 0.1234375