3 0.63671875 0.459375 0.0390625 0.115625
3 0.7125 0.20078125 0.028125 0.06875
0 0.3609375 0.75546875 0.01953125 0.04453125
2 0.27265625 0.66328125 0.04375 0.15625
2 0.353125 0.71171875 0.0359375 0.14140625
2 0.40625 0.64375 0.0484375 0.10390625
2 0.34140625 0.46796875 0.03359375 0.10078125
2 0.4109375 0.38046875 0.02109375 0.0671875
2 0.428125 0.378125 0.0109375 0.103125
2 0.5453125 0.34296875 0.0421875 0.1
2 0.7609375 0.33046875 0.03828125 0.0859375
2 0.8984375 0.38828125 0.02578125 0.090625
2 0.80390625 0.43203125 0.04765625 0.10703125
2 0.4953125 0.44296875 0.03984375 0.08125
2 0.590625 0.5578125 0.04140625 0.128125
2 0.56953125 0.609375 0.040625 0.12421875
2 0.82578125 0.696875 0.04140625 0.16796875
2 0.94765625 0.49765625 0.046875 0.096875
2 0.97890625 0.6484375 0.0421875 0.10703125
1 0.18359375 0.309375 0.0328125 0.11875