3 0.41171875 0.5390625 0.0375 0.1265625
0 0.5265625 0.40546875 0.0140625 0.02890625
2 0.3203125 0.496875 0.02578125 0.11328125
2 0.2671875 0.53125 0.0296875 0.08359375
2 0.41796875 0.41484375 0.03125 0.0984375
2 0.54140625 0.36796875 0.0203125 0.1171875
2 0.65078125 0.41328125 0.0359375 0.08671875
2 0.54140625 0.4890625 0.03671875 0.140625
2 0.47890625 0.43671875 0.0296875 0.0828125
2 0.44921875 0.46328125 0.021875 0.075
2 0.4703125 0.52265625 0.03046875 0.1109375
2 0.778125 0.57265625 0.0453125 0.140625
2 0.7796875 0.67109375 0.028125 0.14296875
2 0.453125 0.58515625 0.03515625 0.115625
2 0.14453125 0.5453125 0.0390625 0.13828125
2 0.1796875 0.60234375 0.0515625 0.1296875
2 0.321875 0.74375 0.0296875 0.153125
2 0.0125 0.53828125 0.025 0.1109375