2 0.38359375 0.4390625 0.0296875 0.10234375
2 0.4171875 0.4421875 0.0265625 0.0921875
2 0.45390625 0.43515625 0.0328125 0.0953125
2 0.5859375 0.3421875 0.03984375 0.1140625
0 0.396875 0.46171875 0.0109375 0.03203125
2 0.24453125 0.59609375 0.04140625 0.134375
2 0.41328125 0.7078125 0.05625 0.14921875
2 0.490625 0.67578125 0.03203125 0.140625
2 0.5375 0.49609375 0.0421875 0.1421875
2 0.6140625 0.51640625 0.05859375 0.1375
2 0.71484375 0.475 0.034375 0.10546875
2 0.75859375 0.43203125 0.04921875 0.1015625
2 0.95390625 0.46640625 0.04375 0.1171875
3 0.81171875 0.53359375 0.040625 0.13359375