3 0.625 0.4953125 0.01640625 0.1078125
2 0.415625 0.45859375 0.03359375 0.1046875
2 0.28984375 0.4828125 0.025 0.11171875
2 0.046875 0.5125 0.046875 0.13359375
2 0.328125 0.55703125 0.03203125 0.12421875
2 0.559375 0.66640625 0.05078125 0.13828125
0 0.3796875 0.50234375 0.01484375 0.03828125
2 0.684375 0.47734375 0.04140625 0.08671875
2 0.84609375 0.4609375 0.03671875 0.10703125
2 0.84921875 0.52265625 0.0390625 0.10390625
2 0.9390625 0.54296875 0.04609375 0.13359375
2 0.9875 0.5046875 0.02421875 0.121875
2 0.9875 0.61953125 0.025 0.12890625