3 0.39453125 0.24375 0.02109375 0.078125
3 0.728125 0.46015625 0.0453125 0.1203125
0 0.38515625 0.60859375 0.0203125 0.05390625
2 0.378125 0.334375 0.0359375 0.09609375
2 0.2875 0.325 0.034375 0.09453125
2 0.1859375 0.41328125 0.03515625 0.1046875
2 0.34921875 0.49140625 0.04453125 0.11484375
2 0.434375 0.4875 0.03359375 0.09375
2 0.37109375 0.5796875 0.01875 0.109375
2 0.45859375 0.5859375 0.03125 0.1265625
2 0.41640625 0.7390625 0.02890625 0.1390625
2 0.27109375 0.88359375 0.0484375 0.15859375
2 0.05 0.61953125 0.03671875 0.13828125
2 0.0109375 0.6265625 0.02109375 0.153125
2 0.66328125 0.5109375 0.0484375 0.12265625
2 0.6546875 0.42109375 0.0453125 0.140625
2 0.70703125 0.621875 0.0359375 0.1234375
2 0.84140625 0.73203125 0.05 0.14375
2 0.97890625 0.55859375 0.0296875 0.1421875
2 0.959375 0.325 0.0265625 0.10234375