3 0.9875 0.62890625 0.02421875 0.1109375
0 0.89375 0.625 0.01171875 0.03359375
1 0.5015625 0.440625 0.03203125 0.0984375
3 0.0390625 0.62734375 0.03125 0.10703125
2 0.1359375 0.575 0.0296875 0.10546875
2 0.14765625 0.47890625 0.02890625 0.06171875
2 0.115625 0.43046875 0.0234375 0.0890625
2 0.34609375 0.4859375 0.02734375 0.11171875
2 0.40390625 0.5796875 0.025 0.11875
2 0.51015625 0.63515625 0.028125 0.08359375
2 0.15078125 0.86640625 0.03203125 0.14765625
2 0.12578125 0.86796875 0.02578125 0.13515625
2 0.03515625 0.75859375 0.03984375 0.1234375
2 0.5109375 0.6875 0.01953125 0.0984375
2 0.76875 0.61328125 0.0328125 0.11796875
2 0.89375 0.6890625 0.01953125 0.10703125
2 0.73828125 0.52421875 0.0421875 0.0921875