2 0.59140625 0.590625 0.028125 0.14140625
2 0.621875 0.44296875 0.02109375 0.0734375
2 0.659375 0.42578125 0.021875 0.08203125
2 0.74296875 0.49140625 0.0296875 0.1453125
2 0.8109375 0.58046875 0.034375 0.134375
2 0.984375 0.703125 0.03046875 0.16484375
2 0.6578125 0.53046875 0.04140625 0.1015625
2 0.640625 0.46640625 0.028125 0.084375
2 0.38515625 0.5 0.03046875 0.125
2 0.14453125 0.45390625 0.046875 0.12578125
2 0.05703125 0.659375 0.05546875 0.15546875
2 0.51875 0.6265625 0.0234375 0.11484375
2 0.54609375 0.6328125 0.0171875 0.1078125
0 0.53671875 0.68125 0.01953125 0.02890625
3 0.30546875 0.5171875 0.0546875 0.14609375