0 0.78984375 0.790625 0.015625 0.05625
2 0.83125 0.4578125 0.040625 0.07734375
2 0.57109375 0.38125 0.04609375 0.071875
2 0.30390625 0.46171875 0.02734375 0.075
2 0.30234375 0.3875 0.02109375 0.090625
2 0.19921875 0.46171875 0.04375 0.10546875
2 0.16796875 0.63828125 0.04140625 0.128125
2 0.0328125 0.4546875 0.0453125 0.134375
2 0.06640625 0.73046875 0.04609375 0.153125
2 0.35859375 0.6578125 0.025 0.0984375
2 0.38203125 0.67109375 0.02734375 0.0953125
2 0.39375 0.775 0.03359375 0.14609375
2 0.58125 0.6125 0.05546875 0.10390625
2 0.653125 0.62265625 0.034375 0.11953125
2 0.50625 0.86953125 0.065625 0.13125
3 0.27734375 0.53203125 0.02734375 0.08515625
3 0.11328125 0.2390625 0.021875 0.059375