2 0.30390625 0.44765625 0.01796875 0.075
0 0.31484375 0.46953125 0.009375 0.02578125
3 0.1875 0.36328125 0.01484375 0.05625
3 0.578125 0.52578125 0.02109375 0.0703125
2 0.44765625 0.428125 0.028125 0.08125
2 0.3546875 0.51328125 0.0328125 0.07734375
2 0.39765625 0.515625 0.0296875 0.09765625
2 0.28515625 0.5390625 0.03046875 0.08125
2 0.0671875 0.51328125 0.03671875 0.1171875
2 0.109375 0.6140625 0.06171875 0.13984375
2 0.06328125 0.778125 0.0390625 0.1203125
2 0.44296875 0.73203125 0.05078125 0.1796875
2 0.5125 0.46171875 0.0296875 0.10546875
2 0.5390625 0.46953125 0.03671875 0.07109375
2 0.55703125 0.56328125 0.02421875 0.08671875
2 0.60078125 0.48125 0.0296875 0.07890625
2 0.70234375 0.44921875 0.0234375 0.10625
2 0.59921875 0.57734375 0.0390625 0.09921875
2 0.615625 0.62734375 0.03671875 0.10703125
2 0.778125 0.51015625 0.046875 0.08671875
2 0.8375 0.49921875 0.034375 0.090625
2 0.8765625 0.5671875 0.0296875 0.10703125
2 0.91328125 0.6671875 0.0515625 0.11953125