2 0.4875 0.4046875 0.0265625 0.06484375
2 0.496875 0.43359375 0.02890625 0.071875
2 0.7828125 0.36484375 0.0296875 0.09296875
2 0.5234375 0.49921875 0.04609375 0.109375
2 0.68125 0.5203125 0.0453125 0.11484375
2 0.8625 0.42578125 0.01796875 0.0828125
2 0.853125 0.5 0.02578125 0.10703125
2 0.93359375 0.48359375 0.03515625 0.10078125
2 0.890625 0.665625 0.0328125 0.13046875
2 0.75625 0.665625 0.05078125 0.134375
2 0.53046875 0.6375 0.03828125 0.103125
2 0.428125 0.47421875 0.034375 0.10078125
2 0.296875 0.55859375 0.046875 0.1328125
2 0.40859375 0.58515625 0.04375 0.09453125
2 0.45546875 0.728125 0.05625 0.1578125
2 0.13046875 0.66953125 0.03828125 0.16015625
2 0.56953125 0.74453125 0.040625 0.128125
0 0.54375 0.79609375 0.01484375 0.04609375
3 0.6046875 0.5578125 0.0359375 0.11015625
3 0.68046875 0.28828125 0.02734375 0.0640625
1 0.090625 0.415625 0.040625 0.11640625