2 0.80390625 0.7953125 0.0421875 0.090625
2 0.81328125 0.8875 0.04765625 0.13359375
2 0.140625 0.33828125 0.034375 0.08125
2 0.075 0.34140625 0.02421875 0.10546875
2 0.0140625 0.5265625 0.028125 0.115625
2 0.42265625 0.47421875 0.03984375 0.10078125
2 0.48828125 0.671875 0.03203125 0.13671875
2 0.3640625 0.70859375 0.03046875 0.1328125
2 0.103125 0.7171875 0.05234375 0.11640625
2 0.08125 0.8390625 0.05625 0.1328125
3 0.87109375 0.81640625 0.05078125 0.1328125
1 0.88515625 0.35234375 0.03984375 0.11171875