2 0.096875 0.471875 0.02421875 0.13046875
2 0.43671875 0.3578125 0.0328125 0.09765625
2 0.54140625 0.46171875 0.02890625 0.1078125
2 0.6609375 0.34765625 0.028125 0.1
2 0.68046875 0.4140625 0.0234375 0.0984375
2 0.7203125 0.409375 0.02109375 0.0765625
2 0.71875 0.4859375 0.0328125 0.11171875
2 0.82109375 0.45390625 0.02734375 0.11484375
2 0.959375 0.36796875 0.028125 0.09921875
2 0.8609375 0.578125 0.03359375 0.11171875
2 0.77421875 0.58125 0.04296875 0.13515625
2 0.825 0.63515625 0.0265625 0.125
2 0.6046875 0.5609375 0.0265625 0.1125
2 0.659375 0.5578125 0.034375 0.13125
2 0.3 0.85 0.0515625 0.16484375
2 0.0765625 0.64765625 0.05 0.1765625
3 0.13515625 0.490625 0.03671875 0.1328125
3 0.33671875 0.2296875 0.025 0.08359375