2 0.36484375 0.446875 0.03203125 0.11953125
2 0.325 0.4484375 0.04921875 0.04375
2 0.32890625 0.5015625 0.02734375 0.10234375
2 0.2796875 0.509375 0.02734375 0.125
2 0.02734375 0.5234375 0.04609375 0.16640625
2 0.17109375 0.80390625 0.04296875 0.1734375
2 0.434375 0.83203125 0.06953125 0.1671875
0 0.2578125 0.496875 0.01484375 0.04140625
2 0.6296875 0.478125 0.0359375 0.14296875
2 0.69921875 0.4484375 0.02890625 0.1375
3 0.65546875 0.53359375 0.0421875 0.14765625
2 0.80078125 0.571875 0.05 0.1609375
2 0.9546875 0.38671875 0.03203125 0.10390625
2 0.97421875 0.425 0.028125 0.121875
2 0.9484375 0.5453125 0.0484375 0.14140625
2 0.93828125 0.67265625 0.05390625 0.14140625