2 0.92890625 0.54453125 0.02890625 0.13046875
2 0.715625 0.37578125 0.05078125 0.13359375
2 0.5484375 0.3359375 0.0359375 0.1140625
2 0.50078125 0.4125 0.028125 0.08515625
2 0.496875 0.58046875 0.04375 0.12578125
2 0.5359375 0.615625 0.04765625 0.12265625
2 0.71796875 0.6515625 0.053125 0.125
0 0.89453125 0.5953125 0.0203125 0.034375
3 0.1640625 0.50234375 0.0484375 0.1359375
2 0.25 0.5203125 0.0359375 0.10390625
2 0.1109375 0.48828125 0.03828125 0.11875
2 0.0703125 0.3578125 0.040625 0.10703125
2 0.37734375 0.66484375 0.05390625 0.1234375
2 0.6484375 0.75546875 0.06015625 0.153125