2 0.68515625 0.8453125 0.05703125 0.14375
2 0.8 0.78203125 0.04609375 0.10703125
2 0.859375 0.6203125 0.04375 0.134375
2 0.74765625 0.5609375 0.03671875 0.10703125
2 0.81328125 0.4984375 0.03046875 0.0890625
0 0.63203125 0.15234375 0.02265625 0.0421875
3 0.07421875 0.24765625 0.02890625 0.084375
3 0.478125 0.47890625 0.02265625 0.0890625
2 0.73046875 0.37109375 0.025 0.09140625
2 0.7 0.3203125 0.0296875 0.09375
2 0.5703125 0.4421875 0.02734375 0.09609375
2 0.5078125 0.46796875 0.03046875 0.10546875
2 0.37890625 0.6578125 0.03515625 0.10703125
2 0.359375 0.69921875 0.03359375 0.13125
2 0.1421875 0.475 0.03515625 0.10546875
2 0.1984375 0.36875 0.03671875 0.08828125
2 0.11015625 0.3375 0.02578125 0.08671875