2 0.359375 0.57578125 0.04296875 0.1109375
2 0.36484375 0.70546875 0.0390625 0.08359375
2 0.32578125 0.73359375 0.02734375 0.12890625
2 0.25 0.696875 0.04375 0.1234375
2 0.1203125 0.6546875 0.0578125 0.1609375
2 0.0515625 0.68828125 0.0546875 0.18515625
2 0.09375 0.4921875 0.05390625 0.12578125
2 0.22578125 0.40625 0.03828125 0.11015625
2 0.38984375 0.40078125 0.03671875 0.084375
2 0.48515625 0.65078125 0.04453125 0.1234375
0 0.5328125 0.575 0.01640625 0.0546875
2 0.51640625 0.46953125 0.03203125 0.1109375
2 0.58125 0.59140625 0.0265625 0.11953125
2 0.65078125 0.4875 0.021875 0.1015625
2 0.771875 0.3515625 0.0203125 0.08671875
2 0.8203125 0.35703125 0.0234375 0.103125
2 0.93046875 0.4234375 0.04296875 0.10703125
2 0.7890625 0.5609375 0.059375 0.15234375
2 0.94921875 0.70234375 0.0484375 0.1328125
3 0.62578125 0.4875 0.025 0.09375