3 0.13671875 0.5359375 0.04140625 0.1171875
0 0.3203125 0.4765625 0.0109375 0.03359375
2 0.303125 0.44296875 0.03671875 0.103125
2 0.0140625 0.55625 0.02734375 0.1234375
2 0.15703125 0.853125 0.05703125 0.16171875
2 0.52265625 0.80625 0.0390625 0.16796875
2 0.340625 0.50234375 0.03046875 0.09375
2 0.36796875 0.47109375 0.021875 0.07421875
2 0.41171875 0.50859375 0.0359375 0.10859375
2 0.46171875 0.52890625 0.02578125 0.0984375
2 0.4375 0.55703125 0.02109375 0.10234375
2 0.45625 0.58359375 0.02578125 0.11484375
2 0.52265625 0.496875 0.028125 0.10078125
2 0.58125 0.5453125 0.028125 0.13515625
2 0.61875 0.54140625 0.034375 0.13359375
1 0.86328125 0.475 0.0375 0.12734375