3 0.1578125 0.28125 0.0296875 0.075
3 0.90625 0.478125 0.0140625 0.06328125
0 0.3046875 0.52890625 0.0234375 0.04296875
2 0.3328125 0.47578125 0.0328125 0.09140625
2 0.36640625 0.36328125 0.0359375 0.09296875
2 0.17578125 0.46796875 0.05625 0.1234375
2 0.00859375 0.4078125 0.0171875 0.0828125
2 0.38828125 0.46328125 0.02265625 0.075
2 0.46171875 0.603125 0.04296875 0.14375
2 0.65 0.3609375 0.04140625 0.11875
2 0.68359375 0.58671875 0.0328125 0.11875
2 0.6578125 0.628125 0.0359375 0.13984375
2 0.77421875 0.76640625 0.04453125 0.18046875
2 0.90390625 0.54921875 0.04140625 0.11484375
2 0.93359375 0.46328125 0.0265625 0.12109375
2 0.94453125 0.384375 0.0375 0.1234375