3 0.378125 0.25859375 0.0375 0.08046875
3 0.7171875 0.515625 0.040625 0.13359375
0 0.48671875 0.2875 0.01796875 0.0421875
2 0.27421875 0.39453125 0.0265625 0.09140625
2 0.29765625 0.47890625 0.04453125 0.128125
2 0.26484375 0.5421875 0.0390625 0.14453125
2 0.50859375 0.35234375 0.04296875 0.11875
2 0.4703125 0.2890625 0.01953125 0.065625
2 0.59453125 0.475 0.05546875 0.11875
2 0.6625 0.60625 0.0390625 0.14296875
2 0.9 0.41640625 0.05390625 0.1109375
2 0.7640625 0.309375 0.021875 0.0859375
2 0.7265625 0.29921875 0.0390625 0.11875
2 0.95234375 0.54140625 0.0671875 0.13359375
2 0.321875 0.75390625 0.059375 0.17265625