3 0.23125 0.30703125 0.028125 0.09609375
3 0.77890625 0.55 0.03828125 0.11328125
0 0.25703125 0.44453125 0.0234375 0.0359375
2 0.2328125 0.4203125 0.02890625 0.09375
2 0.2171875 0.52421875 0.03359375 0.09609375
2 0.10234375 0.51875 0.04375 0.1265625
2 0.18828125 0.625 0.040625 0.13359375
2 0.40234375 0.4953125 0.0421875 0.1140625
2 0.4046875 0.4140625 0.03515625 0.09140625
2 0.475 0.44140625 0.02421875 0.08203125
2 0.5109375 0.4421875 0.034375 0.10703125
2 0.47421875 0.49921875 0.03828125 0.12734375
2 0.61328125 0.67734375 0.05234375 0.17109375
2 0.51328125 0.88359375 0.059375 0.1671875
2 0.715625 0.52734375 0.01875 0.08984375
2 0.76796875 0.4140625 0.02578125 0.07578125
2 0.81328125 0.3890625 0.0265625 0.08671875
2 0.95390625 0.48125 0.0328125 0.08984375
2 0.99375 0.4796875 0.0125 0.078125