3 0.65859375 0.46796875 0.034375 0.10546875
3 0.30234375 0.2484375 0.021875 0.0828125
0 0.3484375 0.68203125 0.02109375 0.0515625
2 0.31484375 0.36171875 0.0265625 0.0984375
2 0.10234375 0.4421875 0.0359375 0.10703125
2 0.2671875 0.58984375 0.0359375 0.10078125
2 0.34296875 0.60859375 0.03359375 0.08671875
2 0.3328125 0.715625 0.03203125 0.115625
2 0.5078125 0.7125 0.034375 0.09453125
2 0.409375 0.60703125 0.03359375 0.12109375
2 0.459375 0.6 0.03046875 0.1109375
2 0.52265625 0.46328125 0.02265625 0.0890625
2 0.5453125 0.66875 0.025 0.125
2 0.86796875 0.36484375 0.02890625 0.0984375
2 0.95703125 0.40390625 0.03359375 0.09609375
2 0.85546875 0.58046875 0.0359375 0.10625
2 0.93828125 0.54609375 0.0359375 0.103125
2 0.96015625 0.628125 0.0421875 0.11796875
2 0.85546875 0.82578125 0.04765625 0.14140625
2 0.6984375 0.9 0.0609375 0.14921875