3 0.24609375 0.328125 0.0171875 0.08359375
3 0.92578125 0.52578125 0.040625 0.11015625
0 0.22421875 0.44140625 0.02265625 0.03984375
2 0.25078125 0.3984375 0.0375 0.08671875
2 0.0875 0.50546875 0.02578125 0.1296875
2 0.28515625 0.475 0.03359375 0.09921875
2 0.32890625 0.40859375 0.03984375 0.09609375
2 0.3109375 0.67265625 0.0390625 0.121875
2 0.4296875 0.6515625 0.04453125 0.14140625
2 0.5953125 0.5015625 0.02421875 0.1140625
2 0.5765625 0.4765625 0.02734375 0.10234375
2 0.8125 0.3859375 0.02109375 0.06953125
2 0.80078125 0.43671875 0.03125 0.09609375
2 0.95234375 0.41875 0.03359375 0.13046875
2 0.96171875 0.59140625 0.02890625 0.13984375
2 0.93359375 0.5984375 0.034375 0.10703125