2 0.3328125 0.36640625 0.0265625 0.1171875
2 0.3734375 0.4171875 0.01640625 0.0765625
0 0.22109375 0.35625 0.0125 0.02578125
2 0.38671875 0.39375 0.028125 0.09609375
2 0.1015625 0.4234375 0.03671875 0.090625
2 0.453125 0.42734375 0.02109375 0.08671875
2 0.4703125 0.42890625 0.03125 0.10625
2 0.55625 0.3875 0.03984375 0.0890625
2 0.709375 0.425 0.02265625 0.078125
2 0.71875 0.428125 0.02265625 0.103125
2 0.79375 0.54375 0.0390625 0.1328125
2 0.871875 0.625 0.0375 0.1609375
2 0.9265625 0.7234375 0.04765625 0.17265625
2 0.44375 0.4859375 0.02734375 0.10859375
2 0.45 0.58046875 0.04375 0.1140625
2 0.35703125 0.61796875 0.0296875 0.128125
2 0.01328125 0.73828125 0.0265625 0.14609375
3 0.42734375 0.51640625 0.0234375 0.12109375