2 0.5328125 0.36640625 0.02578125 0.08359375
2 0.6484375 0.29609375 0.0515625 0.1234375
2 0.546875 0.3265625 0.03828125 0.075
2 0.734375 0.4421875 0.05234375 0.11015625
2 0.89453125 0.2953125 0.046875 0.10703125
2 0.86875 0.7828125 0.05078125 0.14765625
2 0.259375 0.27109375 0.03828125 0.11640625
2 0.1171875 0.3328125 0.02890625 0.12578125
2 0.084375 0.33359375 0.028125 0.13125
2 0.178125 0.509375 0.04609375 0.125
2 0.184375 0.6671875 0.0375 0.14296875
2 0.04765625 0.83984375 0.05390625 0.1890625
2 0.4140625 0.815625 0.0671875 0.14609375
2 0.51953125 0.87734375 0.06015625 0.18125
2 0.58671875 0.66484375 0.0609375 0.11484375
2 0.6125 0.58203125 0.0375 0.10703125
0 0.5796875 0.82890625 0.0328125 0.0703125
3 0.30390625 0.5484375 0.0515625 0.14765625
3 0.3578125 0.11015625 0.03671875 0.07421875