0 0.64921875 0.53984375 0.0203125 0.034375
2 0.66875 0.45078125 0.034375 0.08828125
2 0.65859375 0.4796875 0.0203125 0.11328125
2 0.5921875 0.4015625 0.02109375 0.1109375
2 0.334375 0.42578125 0.04140625 0.128125
2 0.2421875 0.4421875 0.03828125 0.11015625
2 0.14765625 0.3953125 0.03046875 0.1265625
2 0.06484375 0.44921875 0.0328125 0.11171875
2 0.12265625 0.4875 0.01953125 0.115625
2 0.2609375 0.68046875 0.04375 0.14921875
2 0.38828125 0.540625 0.040625 0.1265625
2 0.54296875 0.54921875 0.02578125 0.12421875
2 0.69453125 0.884375 0.07109375 0.19609375
2 0.953125 0.584375 0.04765625 0.2046875
3 0.47265625 0.5296875 0.05 0.16015625