3 0.7796875 0.55234375 0.02578125 0.1
0 0.43671875 0.4875 0.02421875 0.0359375
2 0.4203125 0.446875 0.03359375 0.09296875
2 0.36328125 0.46015625 0.03203125 0.08984375
2 0.23671875 0.5171875 0.040625 0.09765625
2 0.40234375 0.55390625 0.0375 0.08203125
2 0.609375 0.55390625 0.03515625 0.103125
2 0.40703125 0.50078125 0.021875 0.075
2 0.6265625 0.42265625 0.0421875 0.10390625
2 0.7484375 0.4234375 0.02890625 0.09140625
2 0.725 0.465625 0.01953125 0.08125
2 0.71171875 0.47890625 0.02109375 0.0890625
2 0.87421875 0.54765625 0.034375 0.09296875
2 0.83828125 0.61015625 0.0296875 0.1265625
2 0.609375 0.765625 0.04140625 0.14296875
2 0.015625 0.61796875 0.03125 0.1171875
3 0.01328125 0.35546875 0.0265625 0.09609375