2 0.55 0.371875 0.02578125 0.09296875
2 0.66953125 0.38046875 0.02890625 0.08984375
2 0.52265625 0.403125 0.02265625 0.08984375
2 0.5 0.42734375 0.025 0.08984375
2 0.38046875 0.38671875 0.04453125 0.0875
2 0.34375 0.4171875 0.0234375 0.0875
2 0.36484375 0.4375 0.0359375 0.09453125
2 0.32265625 0.37109375 0.04453125 0.11640625
2 0.1859375 0.40703125 0.04609375 0.10390625
2 0.08203125 0.50078125 0.04296875 0.134375
2 0.1234375 0.6171875 0.06484375 0.1390625
2 0.4078125 0.53125 0.04609375 0.14609375
2 0.46015625 0.49609375 0.02421875 0.10078125
2 0.63046875 0.48203125 0.0390625 0.09921875
2 0.73984375 0.46796875 0.02421875 0.0921875
2 0.74296875 0.4015625 0.03828125 0.06328125
2 0.73671875 0.525 0.04609375 0.1640625
2 0.803125 0.7625 0.0375 0.184375
3 0.54453125 0.528125 0.04609375 0.121875
3 0.20234375 0.35546875 0.02109375 0.0875