0 0.134375 0.809375 0.03125 0.0734375
2 0.24375 0.50859375 0.04765625 0.12890625
2 0.10546875 0.73671875 0.0515625 0.15
2 0.43125 0.59296875 0.04765625 0.14609375
2 0.51171875 0.42421875 0.034375 0.0890625
2 0.46328125 0.37265625 0.0359375 0.09609375
2 0.653125 0.31015625 0.034375 0.08984375
2 0.73515625 0.4609375 0.03125 0.0828125
2 0.75 0.496875 0.03203125 0.11015625
2 0.80703125 0.5953125 0.03359375 0.1328125
2 0.721875 0.6984375 0.05 0.15234375
3 0.72109375 0.19609375 0.028125 0.07890625
1 0.1390625 0.33828125 0.03359375 0.11875